numb (#/cm3) and mass(1:20) (ug/m3)
                "SO4     "    "NO3     "    "Cl      "    "NH4     "    "MSA     "    "ARO1    "  
  "ARO2    "    "ALK1    "    "OLE1    "    "API1    "    "API2    "    "LIM1    "    "LIM2    "  
  "CO3     "    "Na      "    "Ca      "    "OIN     "    "OC      "    "BC      "    "WATER   "

       0.0 = time     mosaic_box fort.185
  0.000000E+00  9.600000E+00  1.860000E+01  0.000000E+00  9.000000E+00  0.000000E+00  0.000000E+00
  0.000000E+00  0.000000E+00  0.000000E+00  0.000000E+00  0.000000E+00  0.000000E+00  0.000000E+00
  0.000000E+00  0.000000E+00  0.000000E+00  0.000000E+00  0.000000E+00  0.000000E+00  0.000000E+00

     300.0 = time     mosaic_box fort.185
  1.461868E+03  1.063044E+01  6.635131E+00  0.000000E+00  5.912744E+00  0.000000E+00  0.000000E+00
  0.000000E+00  0.000000E+00  0.000000E+00  0.000000E+00  0.000000E+00  0.000000E+00  0.000000E+00
  0.000000E+00  0.000000E+00  0.000000E+00  0.000000E+00  0.000000E+00  0.000000E+00  0.000000E+00

     600.0 = time     mosaic_box fort.185
  1.461868E+03  1.102395E+01  4.402954E+00  0.000000E+00  5.412259E+00  0.000000E+00  0.000000E+00
  0.000000E+00  0.000000E+00  0.000000E+00  0.000000E+00  0.000000E+00  0.000000E+00  0.000000E+00
  0.000000E+00  0.000000E+00  0.000000E+00  0.000000E+00  0.000000E+00  0.000000E+00  0.000000E+00

     900.0 = time     mosaic_box fort.185
  1.461868E+03  1.123981E+01  3.562954E+00  0.000000E+00  5.249335E+00  0.000000E+00  0.000000E+00
  0.000000E+00  0.000000E+00  0.000000E+00  0.000000E+00  0.000000E+00  0.000000E+00  0.000000E+00
  0.000000E+00  0.000000E+00  0.000000E+00  0.000000E+00  0.000000E+00  0.000000E+00  0.000000E+00

    1200.0 = time     mosaic_box fort.185
  1.461868E+03  1.136676E+01  3.193852E+00  0.000000E+00  5.189784E+00  0.000000E+00  0.000000E+00
  0.000000E+00  0.000000E+00  0.000000E+00  0.000000E+00  0.000000E+00  0.000000E+00  0.000000E+00
  0.000000E+00  0.000000E+00  0.000000E+00  0.000000E+00  0.000000E+00  0.000000E+00  0.000000E+00

    1500.0 = time     mosaic_box fort.185
  1.461868E+03  1.144326E+01  3.016913E+00  0.000000E+00  5.167100E+00  0.000000E+00  0.000000E+00
  0.000000E+00  0.000000E+00  0.000000E+00  0.000000E+00  0.000000E+00  0.000000E+00  0.000000E+00
  0.000000E+00  0.000000E+00  0.000000E+00  0.000000E+00  0.000000E+00  0.000000E+00  0.000000E+00

    1800.0 = time     mosaic_box fort.185
  1.461868E+03  1.148979E+01  2.938496E+00  0.000000E+00  5.161782E+00  0.000000E+00  0.000000E+00
  0.000000E+00  0.000000E+00  0.000000E+00  0.000000E+00  0.000000E+00  0.000000E+00  0.000000E+00
  0.000000E+00  0.000000E+00  0.000000E+00  0.000000E+00  0.000000E+00  0.000000E+00  0.000000E+00

    2100.0 = time     mosaic_box fort.185
  1.461868E+03  1.151820E+01  2.922776E+00  0.000000E+00  5.167874E+00  0.000000E+00  0.000000E+00
  0.000000E+00  0.000000E+00  0.000000E+00  0.000000E+00  0.000000E+00  0.000000E+00  0.000000E+00
  0.000000E+00  0.000000E+00  0.000000E+00  0.000000E+00  0.000000E+00  0.000000E+00  0.000000E+00

    2400.0 = time     mosaic_box fort.185
  1.461868E+03  1.153559E+01  2.907437E+00  0.000000E+00  5.169943E+00  0.000000E+00  0.000000E+00
  0.000000E+00  0.000000E+00  0.000000E+00  0.000000E+00  0.000000E+00  0.000000E+00  0.000000E+00
  0.000000E+00  0.000000E+00  0.000000E+00  0.000000E+00  0.000000E+00  0.000000E+00  0.000000E+00

    2700.0 = time     mosaic_box fort.185
  1.461868E+03  1.154623E+01  2.907437E+00  0.000000E+00  5.173932E+00  0.000000E+00  0.000000E+00
  0.000000E+00  0.000000E+00  0.000000E+00  0.000000E+00  0.000000E+00  0.000000E+00  0.000000E+00
  0.000000E+00  0.000000E+00  0.000000E+00  0.000000E+00  0.000000E+00  0.000000E+00  0.000000E+00

    3000.0 = time     mosaic_box fort.185
  1.461868E+03  1.155274E+01  2.892447E+00  0.000000E+00  5.172020E+00  0.000000E+00  0.000000E+00
  0.000000E+00  0.000000E+00  0.000000E+00  0.000000E+00  0.000000E+00  0.000000E+00  0.000000E+00
  0.000000E+00  0.000000E+00  0.000000E+00  0.000000E+00  0.000000E+00  0.000000E+00  0.000000E+00

    3300.0 = time     mosaic_box fort.185
  1.461868E+03  1.155672E+01  2.892447E+00  0.000000E+00  5.173511E+00  0.000000E+00  0.000000E+00
  0.000000E+00  0.000000E+00  0.000000E+00  0.000000E+00  0.000000E+00  0.000000E+00  0.000000E+00
  0.000000E+00  0.000000E+00  0.000000E+00  0.000000E+00  0.000000E+00  0.000000E+00  0.000000E+00

    3600.0 = time     mosaic_box fort.185
  1.461868E+03  1.155915E+01  2.892447E+00  0.000000E+00  5.174423E+00  0.000000E+00  0.000000E+00
  0.000000E+00  0.000000E+00  0.000000E+00  0.000000E+00  0.000000E+00  0.000000E+00  0.000000E+00
  0.000000E+00  0.000000E+00  0.000000E+00  0.000000E+00  0.000000E+00  0.000000E+00  0.000000E+00

    3900.0 = time     mosaic_box fort.185
  1.461868E+03  1.156063E+01  2.892447E+00  0.000000E+00  5.174981E+00  0.000000E+00  0.000000E+00
  0.000000E+00  0.000000E+00  0.000000E+00  0.000000E+00  0.000000E+00  0.000000E+00  0.000000E+00
  0.000000E+00  0.000000E+00  0.000000E+00  0.000000E+00  0.000000E+00  0.000000E+00  0.000000E+00

    4200.0 = time     mosaic_box fort.185
  1.461868E+03  1.156154E+01  2.892447E+00  0.000000E+00  5.175322E+00  0.000000E+00  0.000000E+00
  0.000000E+00  0.000000E+00  0.000000E+00  0.000000E+00  0.000000E+00  0.000000E+00  0.000000E+00
  0.000000E+00  0.000000E+00  0.000000E+00  0.000000E+00  0.000000E+00  0.000000E+00  0.000000E+00

    4500.0 = time     mosaic_box fort.185
  1.461868E+03  1.156210E+01  2.892447E+00  0.000000E+00  5.175530E+00  0.000000E+00  0.000000E+00
  0.000000E+00  0.000000E+00  0.000000E+00  0.000000E+00  0.000000E+00  0.000000E+00  0.000000E+00
  0.000000E+00  0.000000E+00  0.000000E+00  0.000000E+00  0.000000E+00  0.000000E+00  0.000000E+00

    4800.0 = time     mosaic_box fort.185
  1.461868E+03  1.156244E+01  2.892447E+00  0.000000E+00  5.175658E+00  0.000000E+00  0.000000E+00
  0.000000E+00  0.000000E+00  0.000000E+00  0.000000E+00  0.000000E+00  0.000000E+00  0.000000E+00
  0.000000E+00  0.000000E+00  0.000000E+00  0.000000E+00  0.000000E+00  0.000000E+00  0.000000E+00

    5100.0 = time     mosaic_box fort.185
  1.461868E+03  1.156265E+01  2.892447E+00  0.000000E+00  5.175735E+00  0.000000E+00  0.000000E+00
  0.000000E+00  0.000000E+00  0.000000E+00  0.000000E+00  0.000000E+00  0.000000E+00  0.000000E+00
  0.000000E+00  0.000000E+00  0.000000E+00  0.000000E+00  0.000000E+00  0.000000E+00  0.000000E+00

    5400.0 = time     mosaic_box fort.185
  1.461868E+03  1.156277E+01  2.892447E+00  0.000000E+00  5.175783E+00  0.000000E+00  0.000000E+00
  0.000000E+00  0.000000E+00  0.000000E+00  0.000000E+00  0.000000E+00  0.000000E+00  0.000000E+00
  0.000000E+00  0.000000E+00  0.000000E+00  0.000000E+00  0.000000E+00  0.000000E+00  0.000000E+00

    5700.0 = time     mosaic_box fort.185
  1.461868E+03  1.156285E+01  2.892447E+00  0.000000E+00  5.175812E+00  0.000000E+00  0.000000E+00
  0.000000E+00  0.000000E+00  0.000000E+00  0.000000E+00  0.000000E+00  0.000000E+00  0.000000E+00
  0.000000E+00  0.000000E+00  0.000000E+00  0.000000E+00  0.000000E+00  0.000000E+00  0.000000E+00

    6000.0 = time     mosaic_box fort.185
  1.461868E+03  1.156290E+01  2.892447E+00  0.000000E+00  5.175830E+00  0.000000E+00  0.000000E+00
  0.000000E+00  0.000000E+00  0.000000E+00  0.000000E+00  0.000000E+00  0.000000E+00  0.000000E+00
  0.000000E+00  0.000000E+00  0.000000E+00  0.000000E+00  0.000000E+00  0.000000E+00  0.000000E+00

    6300.0 = time     mosaic_box fort.185
  1.461868E+03  1.156293E+01  2.892447E+00  0.000000E+00  5.175841E+00  0.000000E+00  0.000000E+00
  0.000000E+00  0.000000E+00  0.000000E+00  0.000000E+00  0.000000E+00  0.000000E+00  0.000000E+00
  0.000000E+00  0.000000E+00  0.000000E+00  0.000000E+00  0.000000E+00  0.000000E+00  0.000000E+00

    6600.0 = time     mosaic_box fort.185
  1.461868E+03  1.156295E+01  2.892447E+00  0.000000E+00  5.175848E+00  0.000000E+00  0.000000E+00
  0.000000E+00  0.000000E+00  0.000000E+00  0.000000E+00  0.000000E+00  0.000000E+00  0.000000E+00
  0.000000E+00  0.000000E+00  0.000000E+00  0.000000E+00  0.000000E+00  0.000000E+00  0.000000E+00

    6900.0 = time     mosaic_box fort.185
  1.461868E+03  1.156296E+01  2.892447E+00  0.000000E+00  5.175852E+00  0.000000E+00  0.000000E+00
  0.000000E+00  0.000000E+00  0.000000E+00  0.000000E+00  0.000000E+00  0.000000E+00  0.000000E+00
  0.000000E+00  0.000000E+00  0.000000E+00  0.000000E+00  0.000000E+00  0.000000E+00  0.000000E+00

    7200.0 = time     mosaic_box fort.185
  1.461868E+03  1.156296E+01  2.892447E+00  0.000000E+00  5.175854E+00  0.000000E+00  0.000000E+00
  0.000000E+00  0.000000E+00  0.000000E+00  0.000000E+00  0.000000E+00  0.000000E+00  0.000000E+00
  0.000000E+00  0.000000E+00  0.000000E+00  0.000000E+00  0.000000E+00  0.000000E+00  0.000000E+00

    7500.0 = time     mosaic_box fort.185
  1.461868E+03  1.156297E+01  2.892447E+00  0.000000E+00  5.175856E+00  0.000000E+00  0.000000E+00
  0.000000E+00  0.000000E+00  0.000000E+00  0.000000E+00  0.000000E+00  0.000000E+00  0.000000E+00
  0.000000E+00  0.000000E+00  0.000000E+00  0.000000E+00  0.000000E+00  0.000000E+00  0.000000E+00

    7800.0 = time     mosaic_box fort.185
  1.461868E+03  1.156297E+01  2.892447E+00  0.000000E+00  5.175857E+00  0.000000E+00  0.000000E+00
  0.000000E+00  0.000000E+00  0.000000E+00  0.000000E+00  0.000000E+00  0.000000E+00  0.000000E+00
  0.000000E+00  0.000000E+00  0.000000E+00  0.000000E+00  0.000000E+00  0.000000E+00  0.000000E+00

    8100.0 = time     mosaic_box fort.185
  1.461868E+03  1.156297E+01  2.892447E+00  0.000000E+00  5.175857E+00  0.000000E+00  0.000000E+00
  0.000000E+00  0.000000E+00  0.000000E+00  0.000000E+00  0.000000E+00  0.000000E+00  0.000000E+00
  0.000000E+00  0.000000E+00  0.000000E+00  0.000000E+00  0.000000E+00  0.000000E+00  0.000000E+00

    8400.0 = time     mosaic_box fort.185
  1.461868E+03  1.156297E+01  2.892447E+00  0.000000E+00  5.175857E+00  0.000000E+00  0.000000E+00
  0.000000E+00  0.000000E+00  0.000000E+00  0.000000E+00  0.000000E+00  0.000000E+00  0.000000E+00
  0.000000E+00  0.000000E+00  0.000000E+00  0.000000E+00  0.000000E+00  0.000000E+00  0.000000E+00

    8700.0 = time     mosaic_box fort.185
  1.461868E+03  1.156297E+01  2.892447E+00  0.000000E+00  5.175858E+00  0.000000E+00  0.000000E+00
  0.000000E+00  0.000000E+00  0.000000E+00  0.000000E+00  0.000000E+00  0.000000E+00  0.000000E+00
  0.000000E+00  0.000000E+00  0.000000E+00  0.000000E+00  0.000000E+00  0.000000E+00  0.000000E+00

    9000.0 = time     mosaic_box fort.185
  1.461868E+03  1.156297E+01  2.892447E+00  0.000000E+00  5.175858E+00  0.000000E+00  0.000000E+00
  0.000000E+00  0.000000E+00  0.000000E+00  0.000000E+00  0.000000E+00  0.000000E+00  0.000000E+00
  0.000000E+00  0.000000E+00  0.000000E+00  0.000000E+00  0.000000E+00  0.000000E+00  0.000000E+00

    9300.0 = time     mosaic_box fort.185
  1.461868E+03  1.156297E+01  2.892447E+00  0.000000E+00  5.175858E+00  0.000000E+00  0.000000E+00
  0.000000E+00  0.000000E+00  0.000000E+00  0.000000E+00  0.000000E+00  0.000000E+00  0.000000E+00
  0.000000E+00  0.000000E+00  0.000000E+00  0.000000E+00  0.000000E+00  0.000000E+00  0.000000E+00

    9600.0 = time     mosaic_box fort.185
  1.461868E+03  1.156297E+01  2.892447E+00  0.000000E+00  5.175858E+00  0.000000E+00  0.000000E+00
  0.000000E+00  0.000000E+00  0.000000E+00  0.000000E+00  0.000000E+00  0.000000E+00  0.000000E+00
  0.000000E+00  0.000000E+00  0.000000E+00  0.000000E+00  0.000000E+00  0.000000E+00  0.000000E+00

    9900.0 = time     mosaic_box fort.185
  1.461868E+03  1.156297E+01  2.892447E+00  0.000000E+00  5.175858E+00  0.000000E+00  0.000000E+00
  0.000000E+00  0.000000E+00  0.000000E+00  0.000000E+00  0.000000E+00  0.000000E+00  0.000000E+00
  0.000000E+00  0.000000E+00  0.000000E+00  0.000000E+00  0.000000E+00  0.000000E+00  0.000000E+00

   10200.0 = time     mosaic_box fort.185
  1.461868E+03  1.156297E+01  2.892447E+00  0.000000E+00  5.175858E+00  0.000000E+00  0.000000E+00
  0.000000E+00  0.000000E+00  0.000000E+00  0.000000E+00  0.000000E+00  0.000000E+00  0.000000E+00
  0.000000E+00  0.000000E+00  0.000000E+00  0.000000E+00  0.000000E+00  0.000000E+00  0.000000E+00

   10500.0 = time     mosaic_box fort.185
  1.461868E+03  1.156297E+01  2.892447E+00  0.000000E+00  5.175858E+00  0.000000E+00  0.000000E+00
  0.000000E+00  0.000000E+00  0.000000E+00  0.000000E+00  0.000000E+00  0.000000E+00  0.000000E+00
  0.000000E+00  0.000000E+00  0.000000E+00  0.000000E+00  0.000000E+00  0.000000E+00  0.000000E+00

   10800.0 = time     mosaic_box fort.185
  1.461868E+03  1.156297E+01  2.892447E+00  0.000000E+00  5.175858E+00  0.000000E+00  0.000000E+00
  0.000000E+00  0.000000E+00  0.000000E+00  0.000000E+00  0.000000E+00  0.000000E+00  0.000000E+00
  0.000000E+00  0.000000E+00  0.000000E+00  0.000000E+00  0.000000E+00  0.000000E+00  0.000000E+00

   11100.0 = time     mosaic_box fort.185
  1.461868E+03  1.156297E+01  2.892447E+00  0.000000E+00  5.175858E+00  0.000000E+00  0.000000E+00
  0.000000E+00  0.000000E+00  0.000000E+00  0.000000E+00  0.000000E+00  0.000000E+00  0.000000E+00
  0.000000E+00  0.000000E+00  0.000000E+00  0.000000E+00  0.000000E+00  0.000000E+00  0.000000E+00

   11400.0 = time     mosaic_box fort.185
  1.461868E+03  1.156297E+01  2.892447E+00  0.000000E+00  5.175858E+00  0.000000E+00  0.000000E+00
  0.000000E+00  0.000000E+00  0.000000E+00  0.000000E+00  0.000000E+00  0.000000E+00  0.000000E+00
  0.000000E+00  0.000000E+00  0.000000E+00  0.000000E+00  0.000000E+00  0.000000E+00  0.000000E+00

   11700.0 = time     mosaic_box fort.185
  1.461868E+03  1.156297E+01  2.892447E+00  0.000000E+00  5.175858E+00  0.000000E+00  0.000000E+00
  0.000000E+00  0.000000E+00  0.000000E+00  0.000000E+00  0.000000E+00  0.000000E+00  0.000000E+00
  0.000000E+00  0.000000E+00  0.000000E+00  0.000000E+00  0.000000E+00  0.000000E+00  0.000000E+00

   12000.0 = time     mosaic_box fort.185
  1.461868E+03  1.156297E+01  2.892447E+00  0.000000E+00  5.175858E+00  0.000000E+00  0.000000E+00
  0.000000E+00  0.000000E+00  0.000000E+00  0.000000E+00  0.000000E+00  0.000000E+00  0.000000E+00
  0.000000E+00  0.000000E+00  0.000000E+00  0.000000E+00  0.000000E+00  0.000000E+00  0.000000E+00

   12300.0 = time     mosaic_box fort.185
  1.461868E+03  1.156297E+01  2.892447E+00  0.000000E+00  5.175858E+00  0.000000E+00  0.000000E+00
  0.000000E+00  0.000000E+00  0.000000E+00  0.000000E+00  0.000000E+00  0.000000E+00  0.000000E+00
  0.000000E+00  0.000000E+00  0.000000E+00  0.000000E+00  0.000000E+00  0.000000E+00  0.000000E+00

   12600.0 = time     mosaic_box fort.185
  1.461868E+03  1.156297E+01  2.892447E+00  0.000000E+00  5.175858E+00  0.000000E+00  0.000000E+00
  0.000000E+00  0.000000E+00  0.000000E+00  0.000000E+00  0.000000E+00  0.000000E+00  0.000000E+00
  0.000000E+00  0.000000E+00  0.000000E+00  0.000000E+00  0.000000E+00  0.000000E+00  0.000000E+00

   12900.0 = time     mosaic_box fort.185
  1.461868E+03  1.156297E+01  2.892447E+00  0.000000E+00  5.175858E+00  0.000000E+00  0.000000E+00
  0.000000E+00  0.000000E+00  0.000000E+00  0.000000E+00  0.000000E+00  0.000000E+00  0.000000E+00
  0.000000E+00  0.000000E+00  0.000000E+00  0.000000E+00  0.000000E+00  0.000000E+00  0.000000E+00

   13200.0 = time     mosaic_box fort.185
  1.461868E+03  1.156297E+01  2.892447E+00  0.000000E+00  5.175858E+00  0.000000E+00  0.000000E+00
  0.000000E+00  0.000000E+00  0.000000E+00  0.000000E+00  0.000000E+00  0.000000E+00  0.000000E+00
  0.000000E+00  0.000000E+00  0.000000E+00  0.000000E+00  0.000000E+00  0.000000E+00  0.000000E+00

   13500.0 = time     mosaic_box fort.185
  1.461868E+03  1.156297E+01  2.892447E+00  0.000000E+00  5.175858E+00  0.000000E+00  0.000000E+00
  0.000000E+00  0.000000E+00  0.000000E+00  0.000000E+00  0.000000E+00  0.000000E+00  0.000000E+00
  0.000000E+00  0.000000E+00  0.000000E+00  0.000000E+00  0.000000E+00  0.000000E+00  0.000000E+00

   13800.0 = time     mosaic_box fort.185
  1.461868E+03  1.156297E+01  2.892447E+00  0.000000E+00  5.175858E+00  0.000000E+00  0.000000E+00
  0.000000E+00  0.000000E+00  0.000000E+00  0.000000E+00  0.000000E+00  0.000000E+00  0.000000E+00
  0.000000E+00  0.000000E+00  0.000000E+00  0.000000E+00  0.000000E+00  0.000000E+00  0.000000E+00

   14100.0 = time     mosaic_box fort.185
  1.461868E+03  1.156297E+01  2.892447E+00  0.000000E+00  5.175858E+00  0.000000E+00  0.000000E+00
  0.000000E+00  0.000000E+00  0.000000E+00  0.000000E+00  0.000000E+00  0.000000E+00  0.000000E+00
  0.000000E+00  0.000000E+00  0.000000E+00  0.000000E+00  0.000000E+00  0.000000E+00  0.000000E+00

   14400.0 = time     mosaic_box fort.185
  1.461868E+03  1.156297E+01  2.892447E+00  0.000000E+00  5.175858E+00  0.000000E+00  0.000000E+00
  0.000000E+00  0.000000E+00  0.000000E+00  0.000000E+00  0.000000E+00  0.000000E+00  0.000000E+00
  0.000000E+00  0.000000E+00  0.000000E+00  0.000000E+00  0.000000E+00  0.000000E+00  0.000000E+00

   14700.0 = time     mosaic_box fort.185
  1.461868E+03  1.156297E+01  2.892447E+00  0.000000E+00  5.175858E+00  0.000000E+00  0.000000E+00
  0.000000E+00  0.000000E+00  0.000000E+00  0.000000E+00  0.000000E+00  0.000000E+00  0.000000E+00
  0.000000E+00  0.000000E+00  0.000000E+00  0.000000E+00  0.000000E+00  0.000000E+00  0.000000E+00

   15000.0 = time     mosaic_box fort.185
  1.461868E+03  1.156297E+01  2.892447E+00  0.000000E+00  5.175858E+00  0.000000E+00  0.000000E+00
  0.000000E+00  0.000000E+00  0.000000E+00  0.000000E+00  0.000000E+00  0.000000E+00  0.000000E+00
  0.000000E+00  0.000000E+00  0.000000E+00  0.000000E+00  0.000000E+00  0.000000E+00  0.000000E+00

   15300.0 = time     mosaic_box fort.185
  1.461868E+03  1.156297E+01  2.892447E+00  0.000000E+00  5.175858E+00  0.000000E+00  0.000000E+00
  0.000000E+00  0.000000E+00  0.000000E+00  0.000000E+00  0.000000E+00  0.000000E+00  0.000000E+00
  0.000000E+00  0.000000E+00  0.000000E+00  0.000000E+00  0.000000E+00  0.000000E+00  0.000000E+00

   15600.0 = time     mosaic_box fort.185
  1.461868E+03  1.156297E+01  2.892447E+00  0.000000E+00  5.175858E+00  0.000000E+00  0.000000E+00
  0.000000E+00  0.000000E+00  0.000000E+00  0.000000E+00  0.000000E+00  0.000000E+00  0.000000E+00
  0.000000E+00  0.000000E+00  0.000000E+00  0.000000E+00  0.000000E+00  0.000000E+00  0.000000E+00

   15900.0 = time     mosaic_box fort.185
  1.461868E+03  1.156297E+01  2.892447E+00  0.000000E+00  5.175858E+00  0.000000E+00  0.000000E+00
  0.000000E+00  0.000000E+00  0.000000E+00  0.000000E+00  0.000000E+00  0.000000E+00  0.000000E+00
  0.000000E+00  0.000000E+00  0.000000E+00  0.000000E+00  0.000000E+00  0.000000E+00  0.000000E+00

   16200.0 = time     mosaic_box fort.185
  1.461868E+03  1.156297E+01  2.892447E+00  0.000000E+00  5.175858E+00  0.000000E+00  0.000000E+00
  0.000000E+00  0.000000E+00  0.000000E+00  0.000000E+00  0.000000E+00  0.000000E+00  0.000000E+00
  0.000000E+00  0.000000E+00  0.000000E+00  0.000000E+00  0.000000E+00  0.000000E+00  0.000000E+00

   16500.0 = time     mosaic_box fort.185
  1.461868E+03  1.156297E+01  2.892447E+00  0.000000E+00  5.175858E+00  0.000000E+00  0.000000E+00
  0.000000E+00  0.000000E+00  0.000000E+00  0.000000E+00  0.000000E+00  0.000000E+00  0.000000E+00
  0.000000E+00  0.000000E+00  0.000000E+00  0.000000E+00  0.000000E+00  0.000000E+00  0.000000E+00

   16800.0 = time     mosaic_box fort.185
  1.461868E+03  1.156297E+01  2.892447E+00  0.000000E+00  5.175858E+00  0.000000E+00  0.000000E+00
  0.000000E+00  0.000000E+00  0.000000E+00  0.000000E+00  0.000000E+00  0.000000E+00  0.000000E+00
  0.000000E+00  0.000000E+00  0.000000E+00  0.000000E+00  0.000000E+00  0.000000E+00  0.000000E+00

   17100.0 = time     mosaic_box fort.185
  1.461868E+03  1.156297E+01  2.892447E+00  0.000000E+00  5.175858E+00  0.000000E+00  0.000000E+00
  0.000000E+00  0.000000E+00  0.000000E+00  0.000000E+00  0.000000E+00  0.000000E+00  0.000000E+00
  0.000000E+00  0.000000E+00  0.000000E+00  0.000000E+00  0.000000E+00  0.000000E+00  0.000000E+00

   17400.0 = time     mosaic_box fort.185
  1.461868E+03  1.156297E+01  2.892447E+00  0.000000E+00  5.175858E+00  0.000000E+00  0.000000E+00
  0.000000E+00  0.000000E+00  0.000000E+00  0.000000E+00  0.000000E+00  0.000000E+00  0.000000E+00
  0.000000E+00  0.000000E+00  0.000000E+00  0.000000E+00  0.000000E+00  0.000000E+00  0.000000E+00

   17700.0 = time     mosaic_box fort.185
  1.461868E+03  1.156297E+01  2.892447E+00  0.000000E+00  5.175858E+00  0.000000E+00  0.000000E+00
  0.000000E+00  0.000000E+00  0.000000E+00  0.000000E+00  0.000000E+00  0.000000E+00  0.000000E+00
  0.000000E+00  0.000000E+00  0.000000E+00  0.000000E+00  0.000000E+00  0.000000E+00  0.000000E+00

   18000.0 = time     mosaic_box fort.185
  1.461868E+03  1.156297E+01  2.892447E+00  0.000000E+00  5.175858E+00  0.000000E+00  0.000000E+00
  0.000000E+00  0.000000E+00  0.000000E+00  0.000000E+00  0.000000E+00  0.000000E+00  0.000000E+00
  0.000000E+00  0.000000E+00  0.000000E+00  0.000000E+00  0.000000E+00  0.000000E+00  0.000000E+00
