 
 
 
 
 
doing diff on  fort.172d2
212c212
<  129  jhyst_a003    0.0000E+00  1.0000E+00  1.0000E+00  3.3828E-08  3.3829E-08  3.3829E-08  3.3080E-08
---
>  129  jhyst_a003    0.0000E+00  0.0000E+00  0.0000E+00  0.0000E+00  0.0000E+00  0.0000E+00  0.0000E+00
243c243
<  153  jhyst_a004    0.0000E+00  1.0000E+00  1.0000E+00  3.7959E-09  3.7953E-09  3.7953E-09  4.5442E-09
---
>  153  jhyst_a004    0.0000E+00  0.0000E+00  0.0000E+00  0.0000E+00  0.0000E+00  0.0000E+00  0.0000E+00
 
 
 
 
 
doing diff on  fort.172d3
8,9c8,9
<    2  HNO3          4.9256E+10  4.4966E+10  4.4966E+10  1.8258E-09  1.8258E-09  1.8258E-09  1.8258E-09
<    3  HCl           0.0000E+00  7.5885E+09  7.5885E+09  3.0813E-10  3.0813E-10  3.0813E-10  3.0813E-10
---
>    2  HNO3          4.9256E+10  4.4985E+10  4.4985E+10  1.8266E-09  1.8266E-09  1.8266E-09  1.8266E-09
>    3  HCl           0.0000E+00  7.5698E+09  7.5698E+09  3.0737E-10  3.0737E-10  3.0737E-10  3.0737E-10
107c107
<  151  dpdry_a004    2.2627E-01  2.4392E-01  2.3652E-01  2.4392E-05  2.4392E-05  2.4392E-05  2.4392E-05
---
>  151  dpdry_a004    2.2627E-01  2.4387E-01  2.3647E-01  2.4387E-05  2.4387E-05  2.4387E-05  2.4387E-05
112,113c112,113
<  156  NO3_a004      0.0000E+00  7.1227E-03  7.1227E-03  1.7417E-10  1.7417E-10  1.7417E-10  1.7417E-10
<  157  Cl_a004       2.8000E-02  1.5399E-02  1.5399E-02  3.7655E-10  3.7655E-10  3.7655E-10  3.7655E-10
---
>  156  NO3_a004      0.0000E+00  7.0917E-03  7.0917E-03  1.7341E-10  1.7341E-10  1.7341E-10  1.7341E-10
>  157  Cl_a004       2.8000E-02  1.5430E-02  1.5430E-02  3.7731E-10  3.7731E-10  3.7731E-10  3.7731E-10
130,134c130,134
<       adrydpav                                          0.0000E+00  2.3652E-05  2.3652E-05  2.3652E-05
<       awetdpav                                          0.0000E+00  2.3652E-05  2.3652E-05  2.3652E-05
<       adrydens      2.2000E+00  2.0321E+00              0.0000E+00  2.0442E+00  2.0442E+00  2.0442E+00
<       awetdens                                          0.0000E+00  2.0442E+00  2.0442E+00  2.0442E+00
<       adryqmas      4.0054E-08  4.6343E-08              0.0000E+00  4.8704E-08  4.8704E-08  4.8704E-08
---
>       adrydpav                                          0.0000E+00  2.3647E-05  2.3647E-05  2.3647E-05
>       awetdpav                                          0.0000E+00  2.3647E-05  2.3647E-05  2.3647E-05
>       adrydens      2.2000E+00  2.0325E+00              0.0000E+00  2.0446E+00  2.0446E+00  2.0446E+00
>       awetdens                                          0.0000E+00  2.0446E+00  2.0446E+00  2.0446E+00
>       adryqmas      4.0054E-08  4.6323E-08              0.0000E+00  4.8683E-08  4.8683E-08  4.8683E-08
141,143c141,143
<    1  H2SO4         2.1130E+10  1.7150E+10  1.7150E+10  6.9638E-10  6.9638E-10  6.9638E-10  6.9638E-10
<    2  HNO3          4.4966E+10  4.0118E+10  4.0118E+10  1.6290E-09  1.6290E-09  1.6290E-09  1.6290E-09
<    3  HCl           7.5885E+09  1.6122E+10  1.6122E+10  6.5464E-10  6.5464E-10  6.5464E-10  6.5464E-10
---
>    1  H2SO4         2.1130E+10  1.7151E+10  1.7151E+10  6.9640E-10  6.9640E-10  6.9640E-10  6.9640E-10
>    2  HNO3          4.4985E+10  4.0162E+10  4.0162E+10  1.6308E-09  1.6308E-09  1.6308E-09  1.6308E-09
>    3  HCl           7.5698E+09  1.6077E+10  1.6077E+10  6.5278E-10  6.5278E-10  6.5278E-10  6.5278E-10
147c147
<   78  num_a001      2.8001E+02  2.8001E+02  3.6631E+01  6.8470E+06  8.9573E+05  8.9573E+05  8.9573E+05
---
>   78  num_a001      2.8001E+02  2.8001E+02  3.6630E+01  6.8470E+06  8.9571E+05  8.9571E+05  8.9571E+05
152c152
<   83  SO4_a001      6.0750E-05  1.9226E-04  1.0711E-05  4.7013E-12  2.6191E-13  2.6191E-13  2.6191E-13
---
>   83  SO4_a001      6.0750E-05  1.9226E-04  1.0711E-05  4.7014E-12  2.6190E-13  2.6190E-13  2.6190E-13
155c155
<   86  NH4_a001      1.2150E-04  3.8452E-04  2.1422E-05  9.4026E-12  5.2382E-13  5.2382E-13  5.2382E-13
---
>   86  NH4_a001      1.2150E-04  3.8453E-04  2.1421E-05  9.4027E-12  5.2381E-13  5.2381E-13  5.2381E-13
169c169
<  100  OC_a001       2.7875E-03  2.7875E-03  1.5529E-04  6.8163E-11  3.7973E-12  3.7973E-12  3.7973E-12
---
>  100  OC_a001       2.7875E-03  2.7875E-03  1.5529E-04  6.8163E-11  3.7972E-12  3.7972E-12  3.7972E-12
175c175
<       adryqmas      2.6425E-10  6.8873E-10              0.0000E+00  3.8369E-11  3.8369E-11  3.8369E-11
---
>       adryqmas      2.6425E-10  6.8874E-10              0.0000E+00  3.8369E-11  3.8369E-11  3.8369E-11
209c209
<  126  num_a003      4.7410E+02  4.7410E+02  7.5033E+02  1.1593E+07  1.8348E+07  1.8348E+07  1.8348E+07
---
>  126  num_a003      4.7410E+02  4.7410E+02  7.5034E+02  1.1593E+07  1.8348E+07  1.8348E+07  1.8348E+07
214c214
<  131  SO4_a003      2.3836E-03  4.7219E-03  5.6171E-03  1.1546E-10  1.3735E-10  1.3735E-10  1.3735E-10
---
>  131  SO4_a003      2.3836E-03  4.7220E-03  5.6172E-03  1.1546E-10  1.3736E-10  1.3736E-10  1.3736E-10
217c217
<  134  NH4_a003      4.7673E-03  9.4438E-03  1.1234E-02  2.3093E-10  2.7471E-10  2.7471E-10  2.7471E-10
---
>  134  NH4_a003      4.7673E-03  9.4439E-03  1.1234E-02  2.3093E-10  2.7471E-10  2.7471E-10  2.7471E-10
230,231c230,231
<  147  OIN_a003      5.3016E-01  5.3016E-01  4.6823E-01  1.2964E-08  1.1450E-08  1.1450E-08  1.1450E-08
<  148  OC_a003       0.0000E+00  0.0000E+00  3.8598E-03  0.0000E+00  9.4382E-11  9.4382E-11  9.4382E-11
---
>  147  OIN_a003      5.3016E-01  5.3016E-01  4.6823E-01  1.2964E-08  1.1449E-08  1.1449E-08  1.1449E-08
>  148  OC_a003       0.0000E+00  0.0000E+00  3.8598E-03  0.0000E+00  9.4383E-11  9.4383E-11  9.4383E-11
241c241
<  151  dpdry_a004    2.3652E-01  2.5149E-01  2.4118E-01  2.5149E-05  2.5149E-05  2.5149E-05  2.5149E-05
---
>  151  dpdry_a004    2.3647E-01  2.5140E-01  2.4109E-01  2.5140E-05  2.5140E-05  2.5140E-05  2.5140E-05
245,248c245,248
<  155  SO4_a004      2.9412E-03  5.7991E-03  6.3507E-03  1.4180E-10  1.5529E-10  1.5529E-10  1.5529E-10
<  156  NO3_a004      7.1227E-03  1.5174E-02  1.5174E-02  3.7104E-10  3.7104E-10  3.7104E-10  3.7104E-10
<  157  Cl_a004       1.5399E-02  1.2282E-03  1.2282E-03  3.0033E-11  3.0033E-11  3.0033E-11  3.0033E-11
<  158  NH4_a004      4.0423E-04  0.0000E+00  1.1032E-03  0.0000E+00  2.6976E-11  2.6976E-11  2.6976E-11
---
>  155  SO4_a004      2.9412E-03  5.7980E-03  6.3496E-03  1.4178E-10  1.5527E-10  1.5527E-10  1.5527E-10
>  156  NO3_a004      7.0917E-03  1.5100E-02  1.5100E-02  3.6923E-10  3.6923E-10  3.6923E-10  3.6923E-10
>  157  Cl_a004       1.5430E-02  1.3042E-03  1.3042E-03  3.1891E-11  3.1891E-11  3.1891E-11  3.1891E-11
>  158  NH4_a004      4.0423E-04  0.0000E+00  1.1033E-03  0.0000E+00  2.6978E-11  2.6978E-11  2.6978E-11
264,268c264,268
<       adrydpav                                          0.0000E+00  2.4118E-05  2.4118E-05  2.4118E-05
<       awetdpav                                          0.0000E+00  2.4118E-05  2.4118E-05  2.4118E-05
<       adrydens      2.0442E+00  1.9251E+00              0.0000E+00  1.9340E+00  1.9340E+00  1.9340E+00
<       awetdens                                          0.0000E+00  1.9340E+00  1.9340E+00  1.9340E+00
<       adryqmas      4.8704E-08  5.5139E-08              0.0000E+00  5.8434E-08  5.8434E-08  5.8434E-08
---
>       adrydpav                                          0.0000E+00  2.4109E-05  2.4109E-05  2.4109E-05
>       awetdpav                                          0.0000E+00  2.4109E-05  2.4109E-05  2.4109E-05
>       adrydens      2.0446E+00  1.9256E+00              0.0000E+00  1.9345E+00  1.9345E+00  1.9345E+00
>       awetdens                                          0.0000E+00  1.9345E+00  1.9345E+00  1.9345E+00
>       adryqmas      4.8683E-08  5.5090E-08              0.0000E+00  5.8385E-08  5.8385E-08  5.8385E-08
 
 
 
 
 
doing diff on  fort.172w1
10c10
<    4  NH3           0.0000E+00  0.0000E+00  0.0000E+00  0.0000E+00  0.0000E+00  0.0000E+00  0.0000E+00
---
>    4  NH3           0.0000E+00  5.9282E+08  5.9282E+08  2.4071E-11  2.4071E-11  2.4071E-11  2.4071E-11
13,14c13,14
<   78  num_a001      6.0289E+02  6.0289E+02  6.0289E+02  1.4742E+07  1.4742E+07  1.4742E+07  1.4742E+07
<   79  dpdry_a001    2.8284E-02  2.8284E-02  2.8284E-02  2.8284E-06  2.8284E-06  2.8284E-06  2.8284E-06
---
>   78  num_a001      6.0289E+02  6.0289E+02  6.4117E+02  1.4742E+07  1.5678E+07  1.5678E+07  1.5678E+07
>   79  dpdry_a001    2.8284E-02  2.8284E-02  2.9188E-02  2.8284E-06  2.8284E-06  2.8284E-06  2.8284E-06
17,18c17,18
<   82  water_a001    0.0000E+00  0.0000E+00  0.0000E+00  0.0000E+00  0.0000E+00  0.0000E+00  0.0000E+00
<   83  SO4_a001      0.0000E+00  0.0000E+00  0.0000E+00  0.0000E+00  0.0000E+00  0.0000E+00  0.0000E+00
---
>   82  water_a001    0.0000E+00  0.0000E+00  1.2630E-11  0.0000E+00  1.7158E-11  1.7158E-11  1.7158E-11
>   83  SO4_a001      0.0000E+00  0.0000E+00  1.8689E-05  0.0000E+00  4.5699E-13  4.5699E-13  4.5699E-13
20,21c20,21
<   85  Cl_a001       0.0000E+00  0.0000E+00  0.0000E+00  0.0000E+00  0.0000E+00  0.0000E+00  0.0000E+00
<   86  NH4_a001      0.0000E+00  0.0000E+00  0.0000E+00  0.0000E+00  0.0000E+00  0.0000E+00  0.0000E+00
---
>   85  Cl_a001       0.0000E+00  0.0000E+00  5.3744E-13  0.0000E+00  1.3142E-20  1.3142E-20  1.3142E-20
>   86  NH4_a001      0.0000E+00  0.0000E+00  1.8980E-05  0.0000E+00  4.6412E-13  4.6412E-13  4.6412E-13
37,41c37,41
<       adrydpav                                          0.0000E+00  2.8284E-06  2.8284E-06  2.8284E-06
<       awetdpav                                          0.0000E+00  2.8284E-06  2.8284E-06  2.8284E-06
<       adrydens      1.4000E+00  1.4000E+00              0.0000E+00  1.4000E+00  1.4000E+00  1.4000E+00
<       awetdens                                          0.0000E+00  1.4000E+00  1.4000E+00  1.4000E+00
<       adryqmas      2.4453E-10  2.4453E-10              0.0000E+00  2.4453E-10  2.4453E-10  2.4453E-10
---
>       adrydpav                                          0.0000E+00  2.9188E-06  2.9188E-06  2.9188E-06
>       awetdpav                                          0.0000E+00  3.9682E-06  3.9682E-06  3.9682E-06
>       adrydens      1.4000E+00  1.4000E+00              0.0000E+00  1.4560E+00  1.4560E+00  1.4560E+00
>       awetdens                                          0.0000E+00  1.1814E+00  1.1814E+00  1.1814E+00
>       adryqmas      2.4453E-10  2.4453E-10              0.0000E+00  2.9720E-10  2.9720E-10  2.9720E-10
44,45c44,45
<  102  num_a002      7.7371E+02  7.7371E+02  7.7371E+02  1.8919E+07  1.8919E+07  1.8919E+07  1.8919E+07
<  103  dpdry_a002    5.6569E-02  5.6569E-02  5.6569E-02  5.6569E-06  5.6569E-06  5.6569E-06  5.6569E-06
---
>  102  num_a002      7.7371E+02  7.7371E+02  7.3543E+02  1.8919E+07  1.7983E+07  1.7983E+07  1.7983E+07
>  103  dpdry_a002    5.6569E-02  5.4192E-02  5.4771E-02  5.4192E-06  5.4192E-06  5.4192E-06  5.4192E-06
48,49c48,49
<  106  water_a002    0.0000E+00  6.2264E-10  6.2264E-10  8.4584E-10  8.4584E-10  8.4584E-10  8.4584E-10
<  107  SO4_a002      1.0000E-03  1.0000E-03  1.0000E-03  2.4453E-11  2.4453E-11  2.4453E-11  2.4453E-11
---
>  106  water_a002    0.0000E+00  6.7581E-10  6.6318E-10  9.1808E-10  9.0092E-10  9.0092E-10  9.0092E-10
>  107  SO4_a002      1.0000E-03  1.0000E-03  9.8131E-04  2.4453E-11  2.3996E-11  2.3996E-11  2.3996E-11
51,52c51,52
<  109  Cl_a002       0.0000E+00  0.0000E+00  0.0000E+00  0.0000E+00  0.0000E+00  0.0000E+00  0.0000E+00
<  110  NH4_a002      2.0000E-03  2.0000E-03  2.0000E-03  4.8905E-11  4.8905E-11  4.8905E-11  4.8905E-11
---
>  109  Cl_a002       0.0000E+00  2.8758E-11  2.8220E-11  7.0320E-19  6.9006E-19  6.9006E-19  6.9006E-19
>  110  NH4_a002      2.0000E-03  1.0156E-03  9.9663E-04  2.4834E-11  2.4370E-11  2.4370E-11  2.4370E-11
68,72c68,72
<       adrydpav                                          0.0000E+00  5.6569E-06  5.6569E-06  5.6569E-06
<       awetdpav                                          0.0000E+00  1.1977E-05  1.1977E-05  1.1977E-05
<       adrydens      1.8000E+00  1.8000E+00              0.0000E+00  1.8000E+00  1.8000E+00  1.8000E+00
<       awetdens                                          0.0000E+00  1.0843E+00  1.0843E+00  1.0843E+00
<       adryqmas      3.2278E-09  3.2278E-09              0.0000E+00  3.2278E-09  3.2278E-09  3.2278E-09
---
>       adrydpav                                          0.0000E+00  5.4771E-06  5.4771E-06  5.4771E-06
>       awetdpav                                          0.0000E+00  1.2356E-05  1.2356E-05  1.2356E-05
>       adrydens      1.8000E+00  1.7878E+00              0.0000E+00  1.7878E+00  1.7878E+00  1.7878E+00
>       awetdens                                          0.0000E+00  1.0686E+00  1.0686E+00  1.0686E+00
>       adryqmas      3.2278E-09  2.8185E-09              0.0000E+00  2.7659E-09  2.7659E-09  2.7659E-09
110c110
<  154  water_a004    0.0000E+00  1.8756E-08  1.8756E-08  2.5479E-08  2.5479E-08  2.5479E-08  2.5479E-08
---
>  154  water_a004    0.0000E+00  1.8793E-08  1.8793E-08  2.5530E-08  2.5530E-08  2.5530E-08  2.5530E-08
131c131
<       awetdpav                                          0.0000E+00  6.7197E-05  6.7197E-05  6.7197E-05
---
>       awetdpav                                          0.0000E+00  6.7240E-05  6.7240E-05  6.7240E-05
133c133
<       awetdens                                          0.0000E+00  1.0458E+00  1.0458E+00  1.0458E+00
---
>       awetdens                                          0.0000E+00  1.0457E+00  1.0457E+00  1.0457E+00
143,144c143,144
<    3  HCl           0.0000E+00  1.6478E+04  1.6478E+04  6.6909E-16  6.6909E-16  6.6909E-16  6.6909E-16
<    4  NH3           0.0000E+00  2.5090E-07  2.5090E-07  1.0188E-26  1.0188E-26  1.0188E-26  1.0188E-26
---
>    3  HCl           0.0000E+00  1.7315E+01  1.7315E+01  7.0307E-19  7.0307E-19  7.0307E-19  7.0307E-19
>    4  NH3           5.9282E+08  5.9039E+08  5.9039E+08  2.3972E-11  2.3972E-11  2.3972E-11  2.3972E-11
146,148c146,148
<       jaero_state           -1           1
<   78  num_a001      6.0289E+02  6.0289E+02  6.0289E+02  1.4742E+07  1.4742E+07  1.4742E+07  1.4742E+07
<   79  dpdry_a001    2.8284E-02  2.8284E-02  2.8284E-02  2.8284E-06  2.8284E-06  2.8284E-06  2.8284E-06
---
>       jaero_state           -1           2
>   78  num_a001      6.4117E+02  6.4117E+02  6.4117E+02  1.5678E+07  1.5678E+07  1.5678E+07  1.5678E+07
>   79  dpdry_a001    2.9188E-02  2.9188E-02  2.9188E-02  2.9188E-06  2.9188E-06  2.9188E-06  2.9188E-06
151,152c151,152
<   82  water_a001    0.0000E+00  0.0000E+00  0.0000E+00  0.0000E+00  0.0000E+00  0.0000E+00  0.0000E+00
<   83  SO4_a001      0.0000E+00  0.0000E+00  0.0000E+00  0.0000E+00  0.0000E+00  0.0000E+00  0.0000E+00
---
>   82  water_a001    1.2630E-11  1.2621E-11  1.2621E-11  1.7146E-11  1.7146E-11  1.7146E-11  1.7146E-11
>   83  SO4_a001      1.8689E-05  1.8689E-05  1.8689E-05  4.5699E-13  4.5699E-13  4.5699E-13  4.5699E-13
154,155c154,155
<   85  Cl_a001       0.0000E+00  0.0000E+00  0.0000E+00  0.0000E+00  0.0000E+00  0.0000E+00  0.0000E+00
<   86  NH4_a001      0.0000E+00  0.0000E+00  0.0000E+00  0.0000E+00  0.0000E+00  0.0000E+00  0.0000E+00
---
>   85  Cl_a001       5.3744E-13  9.5643E-17  9.5643E-17  2.3387E-24  2.3387E-24  2.3387E-24  2.3387E-24
>   86  NH4_a001      1.8980E-05  1.9046E-05  1.9046E-05  4.6574E-13  4.6574E-13  4.6574E-13  4.6574E-13
171,175c171,175
<       adrydpav                                          0.0000E+00  2.8284E-06  2.8284E-06  2.8284E-06
<       awetdpav                                          0.0000E+00  2.8284E-06  2.8284E-06  2.8284E-06
<       adrydens      1.4000E+00  1.4000E+00              0.0000E+00  1.4000E+00  1.4000E+00  1.4000E+00
<       awetdens                                          0.0000E+00  1.4000E+00  1.4000E+00  1.4000E+00
<       adryqmas      2.4453E-10  2.4453E-10              0.0000E+00  2.4453E-10  2.4453E-10  2.4453E-10
---
>       adrydpav                                          0.0000E+00  2.9188E-06  2.9188E-06  2.9188E-06
>       awetdpav                                          0.0000E+00  3.9677E-06  3.9677E-06  3.9677E-06
>       adrydens      1.4560E+00  1.4560E+00              0.0000E+00  1.4560E+00  1.4560E+00  1.4560E+00
>       awetdens                                          0.0000E+00  1.1815E+00  1.1815E+00  1.1815E+00
>       adryqmas      2.9720E-10  2.9723E-10              0.0000E+00  2.9723E-10  2.9723E-10  2.9723E-10
178,179c178,179
<  102  num_a002      7.7371E+02  7.7371E+02  7.7371E+02  1.8919E+07  1.8919E+07  1.8919E+07  1.8919E+07
<  103  dpdry_a002    5.6569E-02  5.6569E-02  5.6569E-02  5.6569E-06  5.6569E-06  5.6569E-06  5.6569E-06
---
>  102  num_a002      7.3543E+02  7.3543E+02  7.3543E+02  1.7983E+07  1.7983E+07  1.7983E+07  1.7983E+07
>  103  dpdry_a002    5.4771E-02  5.4781E-02  5.4781E-02  5.4781E-06  5.4781E-06  5.4781E-06  5.4781E-06
182,183c182,183
<  106  water_a002    6.2264E-10  6.2264E-10  6.2264E-10  8.4584E-10  8.4584E-10  8.4584E-10  8.4584E-10
<  107  SO4_a002      1.0000E-03  1.0000E-03  1.0000E-03  2.4453E-11  2.4453E-11  2.4453E-11  2.4453E-11
---
>  106  water_a002    6.6318E-10  6.6265E-10  6.6265E-10  9.0020E-10  9.0020E-10  9.0020E-10  9.0020E-10
>  107  SO4_a002      9.8131E-04  9.8131E-04  9.8131E-04  2.3996E-11  2.3996E-11  2.3996E-11  2.3996E-11
185,186c185,186
<  109  Cl_a002       0.0000E+00  1.4907E-14  1.4907E-14  3.6452E-22  3.6452E-22  3.6452E-22  3.6452E-22
<  110  NH4_a002      2.0000E-03  2.0000E-03  2.0000E-03  4.8905E-11  4.8905E-11  4.8905E-11  4.8905E-11
---
>  109  Cl_a002       2.8220E-11  5.0359E-15  5.0359E-15  1.2314E-22  1.2314E-22  1.2314E-22  1.2314E-22
>  110  NH4_a002      9.9663E-04  1.0006E-03  1.0006E-03  2.4467E-11  2.4467E-11  2.4467E-11  2.4467E-11
202,206c202,206
<       adrydpav                                          0.0000E+00  5.6569E-06  5.6569E-06  5.6569E-06
<       awetdpav                                          0.0000E+00  1.1977E-05  1.1977E-05  1.1977E-05
<       adrydens      1.8000E+00  1.8000E+00              0.0000E+00  1.8000E+00  1.8000E+00  1.8000E+00
<       awetdens                                          0.0000E+00  1.0843E+00  1.0843E+00  1.0843E+00
<       adryqmas      3.2278E-09  3.2278E-09              0.0000E+00  3.2278E-09  3.2278E-09  3.2278E-09
---
>       adrydpav                                          0.0000E+00  5.4781E-06  5.4781E-06  5.4781E-06
>       awetdpav                                          0.0000E+00  1.2354E-05  1.2354E-05  1.2354E-05
>       adrydens      1.7878E+00  1.7878E+00              0.0000E+00  1.7878E+00  1.7878E+00  1.7878E+00
>       awetdens                                          0.0000E+00  1.0687E+00  1.0687E+00  1.0687E+00
>       adryqmas      2.7659E-09  2.7675E-09              0.0000E+00  2.7675E-09  2.7675E-09  2.7675E-09
244c244
<  154  water_a004    1.8756E-08  1.8756E-08  1.8756E-08  2.5479E-08  2.5479E-08  2.5479E-08  2.5479E-08
---
>  154  water_a004    1.8793E-08  1.8793E-08  1.8793E-08  2.5530E-08  2.5530E-08  2.5530E-08  2.5530E-08
265c265
<       awetdpav                                          0.0000E+00  6.7197E-05  6.7197E-05  6.7197E-05
---
>       awetdpav                                          0.0000E+00  6.7240E-05  6.7240E-05  6.7240E-05
267c267
<       awetdens                                          0.0000E+00  1.0458E+00  1.0458E+00  1.0458E+00
---
>       awetdens                                          0.0000E+00  1.0457E+00  1.0457E+00  1.0457E+00
 
 
 
 
 
doing diff on  fort.172w1b
10c10
<    4  NH3           0.0000E+00  0.0000E+00  0.0000E+00  0.0000E+00  0.0000E+00  0.0000E+00  0.0000E+00
---
>    4  NH3           0.0000E+00  1.2044E+09  1.2044E+09  4.8905E-11  4.8905E-11  4.8905E-11  4.8905E-11
13,14c13,14
<   78  num_a001      6.0289E+02  6.0289E+02  6.0289E+02  1.4742E+07  1.4742E+07  1.4742E+07  1.4742E+07
<   79  dpdry_a001    2.8284E-02  2.8284E-02  2.8284E-02  2.8284E-06  2.8284E-06  2.8284E-06  2.8284E-06
---
>   78  num_a001      6.0289E+02  6.0289E+02  6.9194E+02  1.4742E+07  1.6920E+07  1.6920E+07  1.6920E+07
>   79  dpdry_a001    2.8284E-02  2.8284E-02  2.9974E-02  2.8284E-06  2.8284E-06  2.8284E-06  2.8284E-06
17,18c17,18
<   82  water_a001    0.0000E+00  0.0000E+00  0.0000E+00  0.0000E+00  0.0000E+00  0.0000E+00  0.0000E+00
<   83  SO4_a001      0.0000E+00  0.0000E+00  0.0000E+00  0.0000E+00  0.0000E+00  0.0000E+00  0.0000E+00
---
>   82  water_a001    0.0000E+00  0.0000E+00  2.9796E-11  0.0000E+00  4.0478E-11  4.0478E-11  4.0478E-11
>   83  SO4_a001      0.0000E+00  0.0000E+00  4.7242E-05  0.0000E+00  1.1552E-12  1.1552E-12  1.1552E-12
21c21
<   86  NH4_a001      0.0000E+00  0.0000E+00  0.0000E+00  0.0000E+00  0.0000E+00  0.0000E+00  0.0000E+00
---
>   86  NH4_a001      0.0000E+00  0.0000E+00  2.6374E-10  0.0000E+00  6.4493E-18  6.4493E-18  6.4493E-18
37,41c37,41
<       adrydpav                                          0.0000E+00  2.8284E-06  2.8284E-06  2.8284E-06
<       awetdpav                                          0.0000E+00  2.8284E-06  2.8284E-06  2.8284E-06
<       adrydens      1.4000E+00  1.4000E+00              0.0000E+00  1.4000E+00  1.4000E+00  1.4000E+00
<       awetdens                                          0.0000E+00  1.4000E+00  1.4000E+00  1.4000E+00
<       adryqmas      2.4453E-10  2.4453E-10              0.0000E+00  2.4453E-10  2.4453E-10  2.4453E-10
---
>       adrydpav                                          0.0000E+00  2.9974E-06  2.9974E-06  2.9974E-06
>       awetdpav                                          0.0000E+00  4.7794E-06  4.7794E-06  4.7794E-06
>       adrydens      1.4000E+00  1.4000E+00              0.0000E+00  1.4994E+00  1.4994E+00  1.4994E+00
>       awetdens                                          0.0000E+00  1.1232E+00  1.1232E+00  1.1232E+00
>       adryqmas      2.4453E-10  2.4453E-10              0.0000E+00  3.5774E-10  3.5774E-10  3.5774E-10
44,45c44,45
<  102  num_a002      7.7371E+02  7.7371E+02  7.7371E+02  1.8919E+07  1.8919E+07  1.8919E+07  1.8919E+07
<  103  dpdry_a002    5.6569E-02  5.6569E-02  5.6569E-02  5.6569E-06  5.6569E-06  5.6569E-06  5.6569E-06
---
>  102  num_a002      7.7371E+02  7.7371E+02  6.8466E+02  1.8919E+07  1.6742E+07  1.6742E+07  1.6742E+07
>  103  dpdry_a002    5.6569E-02  5.1500E-02  5.2783E-02  5.1500E-06  5.1500E-06  5.1500E-06  5.1500E-06
48,49c48,49
<  106  water_a002    0.0000E+00  6.2264E-10  6.2264E-10  8.4584E-10  8.4584E-10  8.4584E-10  8.4584E-10
<  107  SO4_a002      1.0000E-03  1.0000E-03  1.0000E-03  2.4453E-11  2.4453E-11  2.4453E-11  2.4453E-11
---
>  106  water_a002    0.0000E+00  6.3071E-10  6.0092E-10  8.5681E-10  8.1633E-10  8.1633E-10  8.1633E-10
>  107  SO4_a002      1.0000E-03  1.0000E-03  9.5276E-04  2.4453E-11  2.3297E-11  2.3297E-11  2.3297E-11
52c52
<  110  NH4_a002      2.0000E-03  2.0000E-03  2.0000E-03  4.8905E-11  4.8905E-11  4.8905E-11  4.8905E-11
---
>  110  NH4_a002      2.0000E-03  5.5828E-09  5.3191E-09  1.3652E-16  1.3007E-16  1.3007E-16  1.3007E-16
68,72c68,72
<       adrydpav                                          0.0000E+00  5.6569E-06  5.6569E-06  5.6569E-06
<       awetdpav                                          0.0000E+00  1.1977E-05  1.1977E-05  1.1977E-05
<       adrydens      1.8000E+00  1.8000E+00              0.0000E+00  1.8000E+00  1.8000E+00  1.8000E+00
<       awetdens                                          0.0000E+00  1.0843E+00  1.0843E+00  1.0843E+00
<       adryqmas      3.2278E-09  3.2278E-09              0.0000E+00  3.2278E-09  3.2278E-09  3.2278E-09
---
>       adrydpav                                          0.0000E+00  5.2783E-06  5.2783E-06  5.2783E-06
>       awetdpav                                          0.0000E+00  1.2217E-05  1.2217E-05  1.2217E-05
>       adrydens      1.8000E+00  1.7711E+00              0.0000E+00  1.7711E+00  1.7711E+00  1.7711E+00
>       awetdens                                          0.0000E+00  1.0622E+00  1.0622E+00  1.0622E+00
>       adryqmas      3.2278E-09  2.3964E-09              0.0000E+00  2.2832E-09  2.2832E-09  2.2832E-09
110c110
<  154  water_a004    0.0000E+00  1.8756E-08  1.8756E-08  2.5479E-08  2.5479E-08  2.5479E-08  2.5479E-08
---
>  154  water_a004    0.0000E+00  1.8793E-08  1.8793E-08  2.5530E-08  2.5530E-08  2.5530E-08  2.5530E-08
131c131
<       awetdpav                                          0.0000E+00  6.7197E-05  6.7197E-05  6.7197E-05
---
>       awetdpav                                          0.0000E+00  6.7240E-05  6.7240E-05  6.7240E-05
133c133
<       awetdens                                          0.0000E+00  1.0458E+00  1.0458E+00  1.0458E+00
---
>       awetdens                                          0.0000E+00  1.0457E+00  1.0457E+00  1.0457E+00
143,144c143,144
<    3  HCl           0.0000E+00  9.6099E+01  9.6099E+01  3.9020E-18  3.9020E-18  3.9020E-18  3.9020E-18
<    4  NH3           0.0000E+00  2.6582E-07  2.6582E-07  1.0794E-26  1.0794E-26  1.0794E-26  1.0794E-26
---
>    3  HCl           0.0000E+00  2.6288E-07  2.6288E-07  1.0674E-26  1.0674E-26  1.0674E-26  1.0674E-26
>    4  NH3           1.2044E+09  1.1655E+09  1.1655E+09  4.7323E-11  4.7323E-11  4.7323E-11  4.7323E-11
146,148c146,148
<       jaero_state           -1           1
<   78  num_a001      6.0289E+02  6.0289E+02  6.0289E+02  1.4742E+07  1.4742E+07  1.4742E+07  1.4742E+07
<   79  dpdry_a001    2.8284E-02  2.8284E-02  2.8284E-02  2.8284E-06  2.8284E-06  2.8284E-06  2.8284E-06
---
>       jaero_state           -1           2
>   78  num_a001      6.9194E+02  6.9194E+02  6.9171E+02  1.6920E+07  1.6914E+07  1.6914E+07  1.6914E+07
>   79  dpdry_a001    2.9974E-02  3.0052E-02  3.0048E-02  3.0052E-06  3.0052E-06  3.0052E-06  3.0052E-06
151,152c151,152
<   82  water_a001    0.0000E+00  0.0000E+00  0.0000E+00  0.0000E+00  0.0000E+00  0.0000E+00  0.0000E+00
<   83  SO4_a001      0.0000E+00  0.0000E+00  0.0000E+00  0.0000E+00  0.0000E+00  0.0000E+00  0.0000E+00
---
>   82  water_a001    2.9796E-11  3.7873E-11  3.7844E-11  5.1450E-11  5.1410E-11  5.1410E-11  5.1410E-11
>   83  SO4_a001      4.7242E-05  4.7242E-05  4.7205E-05  1.1552E-12  1.1543E-12  1.1543E-12  1.1543E-12
155c155
<   86  NH4_a001      0.0000E+00  0.0000E+00  0.0000E+00  0.0000E+00  0.0000E+00  0.0000E+00  0.0000E+00
---
>   86  NH4_a001      2.6374E-10  8.5067E-06  8.5001E-06  2.0801E-13  2.0785E-13  2.0785E-13  2.0785E-13
169c169
<  100  OC_a001       1.0000E-02  1.0000E-02  1.0000E-02  2.4453E-10  2.4453E-10  2.4453E-10  2.4453E-10
---
>  100  OC_a001       1.0000E-02  1.0000E-02  9.9922E-03  2.4453E-10  2.4434E-10  2.4434E-10  2.4434E-10
171,175c171,175
<       adrydpav                                          0.0000E+00  2.8284E-06  2.8284E-06  2.8284E-06
<       awetdpav                                          0.0000E+00  2.8284E-06  2.8284E-06  2.8284E-06
<       adrydens      1.4000E+00  1.4000E+00              0.0000E+00  1.4000E+00  1.4000E+00  1.4000E+00
<       awetdens                                          0.0000E+00  1.4000E+00  1.4000E+00  1.4000E+00
<       adryqmas      2.4453E-10  2.4453E-10              0.0000E+00  2.4453E-10  2.4453E-10  2.4453E-10
---
>       adrydpav                                          0.0000E+00  3.0048E-06  3.0048E-06  3.0048E-06
>       awetdpav                                          0.0000E+00  5.0867E-06  5.0867E-06  5.0867E-06
>       adrydens      1.4994E+00  1.5025E+00              0.0000E+00  1.5025E+00  1.5025E+00  1.5025E+00
>       awetdens                                          0.0000E+00  1.1036E+00  1.1036E+00  1.1036E+00
>       adryqmas      3.5774E-10  3.6127E-10              0.0000E+00  3.6099E-10  3.6099E-10  3.6099E-10
178,179c178,179
<  102  num_a002      7.7371E+02  7.7371E+02  7.7371E+02  1.8919E+07  1.8919E+07  1.8919E+07  1.8919E+07
<  103  dpdry_a002    5.6569E-02  5.6569E-02  5.6569E-02  5.6569E-06  5.6569E-06  5.6569E-06  5.6569E-06
---
>  102  num_a002      6.8466E+02  6.8466E+02  6.8489E+02  1.6742E+07  1.6747E+07  1.6747E+07  1.6747E+07
>  103  dpdry_a002    5.2783E-02  5.2952E-02  5.2948E-02  5.2952E-06  5.2952E-06  5.2952E-06  5.2952E-06
182,183c182,183
<  106  water_a002    6.2264E-10  6.2264E-10  6.2264E-10  8.4584E-10  8.4584E-10  8.4584E-10  8.4584E-10
<  107  SO4_a002      1.0000E-03  1.0000E-03  1.0000E-03  2.4453E-11  2.4453E-11  2.4453E-11  2.4453E-11
---
>  106  water_a002    6.0092E-10  7.6382E-10  7.6384E-10  1.0376E-09  1.0377E-09  1.0377E-09  1.0377E-09
>  107  SO4_a002      9.5276E-04  9.5276E-04  9.5279E-04  2.3297E-11  2.3298E-11  2.3298E-11  2.3298E-11
185,186c185,186
<  109  Cl_a002       0.0000E+00  7.2681E-16  7.2681E-16  1.7772E-23  1.7772E-23  1.7772E-23  1.7772E-23
<  110  NH4_a002      2.0000E-03  2.0000E-03  2.0000E-03  4.8905E-11  4.8905E-11  4.8905E-11  4.8905E-11
---
>  109  Cl_a002       0.0000E+00  0.0000E+00  0.0000E+00  0.0000E+00  0.0000E+00  0.0000E+00  0.0000E+00
>  110  NH4_a002      5.3191E-09  5.6222E-05  5.6229E-05  1.3748E-12  1.3750E-12  1.3750E-12  1.3750E-12
200c200
<  124  OC_a002       0.0000E+00  0.0000E+00  0.0000E+00  0.0000E+00  0.0000E+00  0.0000E+00  0.0000E+00
---
>  124  OC_a002       0.0000E+00  0.0000E+00  7.7765E-06  0.0000E+00  1.9016E-13  1.9016E-13  1.9016E-13
202,206c202,206
<       adrydpav                                          0.0000E+00  5.6569E-06  5.6569E-06  5.6569E-06
<       awetdpav                                          0.0000E+00  1.1977E-05  1.1977E-05  1.1977E-05
<       adrydens      1.8000E+00  1.8000E+00              0.0000E+00  1.8000E+00  1.8000E+00  1.8000E+00
<       awetdens                                          0.0000E+00  1.0843E+00  1.0843E+00  1.0843E+00
<       adryqmas      3.2278E-09  3.2278E-09              0.0000E+00  3.2278E-09  3.2278E-09  3.2278E-09
---
>       adrydpav                                          0.0000E+00  5.2948E-06  5.2948E-06  5.2948E-06
>       awetdpav                                          0.0000E+00  1.3159E-05  1.3159E-05  1.3159E-05
>       adrydens      1.7711E+00  1.7722E+00              0.0000E+00  1.7722E+00  1.7722E+00  1.7722E+00
>       awetdens                                          0.0000E+00  1.0503E+00  1.0503E+00  1.0503E+00
>       adryqmas      2.2832E-09  2.3065E-09              0.0000E+00  2.3068E-09  2.3068E-09  2.3068E-09
244c244
<  154  water_a004    1.8756E-08  1.8756E-08  1.8756E-08  2.5479E-08  2.5479E-08  2.5479E-08  2.5479E-08
---
>  154  water_a004    1.8793E-08  1.8793E-08  1.8793E-08  2.5530E-08  2.5530E-08  2.5530E-08  2.5530E-08
265c265
<       awetdpav                                          0.0000E+00  6.7197E-05  6.7197E-05  6.7197E-05
---
>       awetdpav                                          0.0000E+00  6.7240E-05  6.7240E-05  6.7240E-05
267c267
<       awetdens                                          0.0000E+00  1.0458E+00  1.0458E+00  1.0458E+00
---
>       awetdens                                          0.0000E+00  1.0457E+00  1.0457E+00  1.0457E+00
 
 
 
 
 
doing diff on  fort.172w2
9,10c9,10
<    3  HCl           0.0000E+00  0.0000E+00  0.0000E+00  0.0000E+00  0.0000E+00  0.0000E+00  0.0000E+00
<    4  NH3           0.0000E+00  0.0000E+00  0.0000E+00  0.0000E+00  0.0000E+00  0.0000E+00  0.0000E+00
---
>    3  HCl           0.0000E+00  3.4143E-07  3.4143E-07  1.3864E-26  1.3864E-26  1.3864E-26  1.3864E-26
>    4  NH3           0.0000E+00  5.9038E+08  5.9038E+08  2.3972E-11  2.3972E-11  2.3972E-11  2.3972E-11
13,14c13,14
<   78  num_a001      6.0289E+02  6.0289E+02  4.4162E+02  1.4742E+07  1.4742E+07  1.4742E+07  1.0799E+07
<   79  dpdry_a001    2.8284E-02  2.8284E-02  2.8284E-02  2.8284E-06  2.8284E-06  2.8284E-06  2.8284E-06
---
>   78  num_a001      6.0289E+02  6.0289E+02  5.2130E+02  1.4742E+07  1.5674E+07  1.5674E+07  1.2747E+07
>   79  dpdry_a001    2.8284E-02  2.8284E-02  2.9184E-02  2.8284E-06  2.8284E-06  2.8284E-06  2.8284E-06
17,18c17,18
<   82  water_a001    0.0000E+00  0.0000E+00  0.0000E+00  0.0000E+00  0.0000E+00  0.0000E+00  0.0000E+00
<   83  SO4_a001      0.0000E+00  0.0000E+00  0.0000E+00  0.0000E+00  0.0000E+00  0.0000E+00  0.0000E+00
---
>   82  water_a001    0.0000E+00  0.0000E+00  1.0213E-11  0.0000E+00  1.7060E-11  1.7060E-11  1.3874E-11
>   83  SO4_a001      0.0000E+00  0.0000E+00  1.5124E-05  0.0000E+00  4.5475E-13  4.5475E-13  3.6983E-13
20,21c20,21
<   85  Cl_a001       0.0000E+00  0.0000E+00  0.0000E+00  0.0000E+00  0.0000E+00  0.0000E+00  0.0000E+00
<   86  NH4_a001      0.0000E+00  0.0000E+00  0.0000E+00  0.0000E+00  0.0000E+00  0.0000E+00  0.0000E+00
---
>   85  Cl_a001       0.0000E+00  0.0000E+00  4.3969E-13  0.0000E+00  1.3220E-20  1.3220E-20  1.0752E-20
>   86  NH4_a001      0.0000E+00  0.0000E+00  1.5422E-05  0.0000E+00  4.6368E-13  4.6368E-13  3.7710E-13
35c35
<  100  OC_a001       1.0000E-02  1.0000E-02  7.3251E-03  2.4453E-10  2.4453E-10  2.4453E-10  1.7912E-10
---
>  100  OC_a001       1.0000E-02  1.0000E-02  8.1327E-03  2.4453E-10  2.4453E-10  2.4453E-10  1.9887E-10
37,41c37,41
<       adrydpav                                          0.0000E+00  2.8284E-06  2.8284E-06  2.8284E-06
<       awetdpav                                          0.0000E+00  2.8284E-06  2.8284E-06  2.8284E-06
<       adrydens      1.4000E+00  1.4000E+00              0.0000E+00  1.4000E+00  1.4000E+00  1.4000E+00
<       awetdens                                          0.0000E+00  1.4000E+00  1.4000E+00  1.4000E+00
<       adryqmas      2.4453E-10  2.4453E-10              0.0000E+00  2.4453E-10  2.4453E-10  1.7912E-10
---
>       adrydpav                                          0.0000E+00  2.9184E-06  2.9184E-06  2.9184E-06
>       awetdpav                                          0.0000E+00  3.9637E-06  3.9637E-06  3.9637E-06
>       adrydens      1.4000E+00  1.4000E+00              0.0000E+00  1.4558E+00  1.4558E+00  1.4536E+00
>       awetdens                                          0.0000E+00  1.1819E+00  1.1819E+00  1.1811E+00
>       adryqmas      2.4453E-10  2.4453E-10              0.0000E+00  2.9697E-10  2.9697E-10  2.4116E-10
44,45c44,45
<  102  num_a002      7.7371E+02  7.7371E+02  7.3634E+02  1.8919E+07  1.8919E+07  1.8919E+07  1.8006E+07
<  103  dpdry_a002    5.6569E-02  5.6569E-02  5.6569E-02  5.6569E-06  5.6569E-06  5.6569E-06  5.6569E-06
---
>  102  num_a002      7.7371E+02  7.7371E+02  7.0368E+02  1.8919E+07  1.7988E+07  1.7988E+07  1.7207E+07
>  103  dpdry_a002    5.6569E-02  5.4202E-02  5.4779E-02  5.4202E-06  5.4202E-06  5.4202E-06  5.4202E-06
48,49c48,49
<  106  water_a002    0.0000E+00  6.2264E-10  5.8599E-10  8.4584E-10  8.4584E-10  8.4584E-10  7.9605E-10
<  107  SO4_a002      1.0000E-03  1.0000E-03  9.4114E-04  2.4453E-11  2.4453E-11  2.4453E-11  2.3013E-11
---
>  106  water_a002    0.0000E+00  6.7527E-10  6.2775E-10  9.1735E-10  9.0029E-10  9.0029E-10  8.5279E-10
>  107  SO4_a002      1.0000E-03  1.0000E-03  9.2963E-04  2.4453E-11  2.3998E-11  2.3998E-11  2.2732E-11
51,52c51,52
<  109  Cl_a002       0.0000E+00  0.0000E+00  0.0000E+00  0.0000E+00  0.0000E+00  0.0000E+00  0.0000E+00
<  110  NH4_a002      2.0000E-03  2.0000E-03  1.8823E-03  4.8905E-11  4.8905E-11  4.8905E-11  4.6027E-11
---
>  109  Cl_a002       0.0000E+00  2.9072E-11  2.7026E-11  7.1088E-19  6.9766E-19  6.9766E-19  6.6085E-19
>  110  NH4_a002      2.0000E-03  1.0197E-03  9.4789E-04  2.4933E-11  2.4470E-11  2.4470E-11  2.3179E-11
66c66
<  124  OC_a002       0.0000E+00  0.0000E+00  1.0848E-03  0.0000E+00  0.0000E+00  0.0000E+00  2.6527E-11
---
>  124  OC_a002       0.0000E+00  0.0000E+00  8.2911E-04  0.0000E+00  0.0000E+00  0.0000E+00  2.0274E-11
68,72c68,72
<       adrydpav                                          0.0000E+00  5.6569E-06  5.6569E-06  5.6569E-06
<       awetdpav                                          0.0000E+00  1.1977E-05  1.1977E-05  1.1937E-05
<       adrydens      1.8000E+00  1.8000E+00              0.0000E+00  1.8000E+00  1.8000E+00  1.7956E+00
<       awetdens                                          0.0000E+00  1.0843E+00  1.0843E+00  1.0847E+00
<       adryqmas      3.2278E-09  3.2278E-09              0.0000E+00  3.2278E-09  3.2278E-09  3.0643E-09
---
>       adrydpav                                          0.0000E+00  5.4779E-06  5.4779E-06  5.4779E-06
>       awetdpav                                          0.0000E+00  1.2353E-05  1.2353E-05  1.2316E-05
>       adrydens      1.8000E+00  1.7878E+00              0.0000E+00  1.7878E+00  1.7878E+00  1.7690E+00
>       awetdens                                          0.0000E+00  1.0687E+00  1.0687E+00  1.0677E+00
>       adryqmas      3.2278E-09  2.8202E-09              0.0000E+00  2.7678E-09  2.7678E-09  2.6197E-09
75c75
<  126  num_a003      3.0434E+02  3.0434E+02  3.0113E+02  7.4419E+06  7.4419E+06  7.4419E+06  7.3634E+06
---
>  126  num_a003      3.0434E+02  3.0434E+02  3.0046E+02  7.4419E+06  7.4419E+06  7.4419E+06  7.3470E+06
79,80c79,80
<  130  water_a003    0.0000E+00  0.0000E+00  2.7814E-11  0.0000E+00  0.0000E+00  0.0000E+00  3.7785E-11
<  131  SO4_a003      0.0000E+00  0.0000E+00  4.4672E-05  0.0000E+00  0.0000E+00  0.0000E+00  1.0924E-12
---
>  130  water_a003    0.0000E+00  0.0000E+00  2.7604E-11  0.0000E+00  0.0000E+00  0.0000E+00  3.7499E-11
>  131  SO4_a003      0.0000E+00  0.0000E+00  4.0878E-05  0.0000E+00  0.0000E+00  0.0000E+00  9.9957E-13
82,83c82,83
<  133  Cl_a003       0.0000E+00  0.0000E+00  0.0000E+00  0.0000E+00  0.0000E+00  0.0000E+00  0.0000E+00
<  134  NH4_a003      0.0000E+00  0.0000E+00  8.9344E-05  0.0000E+00  0.0000E+00  0.0000E+00  2.1847E-12
---
>  133  Cl_a003       0.0000E+00  0.0000E+00  1.1884E-12  0.0000E+00  0.0000E+00  0.0000E+00  2.9059E-20
>  134  NH4_a003      0.0000E+00  0.0000E+00  4.1681E-05  0.0000E+00  0.0000E+00  0.0000E+00  1.0192E-12
96,97c96,97
<  147  OIN_a003      6.0000E-01  6.0000E-01  5.8407E-01  1.4672E-08  1.4672E-08  1.4672E-08  1.4282E-08
<  148  OC_a003       0.0000E+00  0.0000E+00  5.8197E-04  0.0000E+00  0.0000E+00  0.0000E+00  1.4231E-11
---
>  147  OIN_a003      6.0000E-01  6.0000E-01  5.8470E-01  1.4672E-08  1.4672E-08  1.4672E-08  1.4298E-08
>  148  OC_a003       0.0000E+00  0.0000E+00  4.2530E-04  0.0000E+00  0.0000E+00  0.0000E+00  1.0400E-11
100,103c100,103
<       awetdpav                                          0.0000E+00  1.1314E-05  1.1314E-05  1.1756E-05
<       adrydens      2.6000E+00  2.6000E+00              0.0000E+00  2.6000E+00  2.6000E+00  2.5863E+00
<       awetdens                                          0.0000E+00  2.6000E+00  2.6000E+00  2.4141E+00
<       adryqmas      1.4672E-08  1.4672E-08              0.0000E+00  1.4672E-08  1.4672E-08  1.4440E-08
---
>       awetdpav                                          0.0000E+00  1.1314E-05  1.1314E-05  1.1753E-05
>       adrydens      2.6000E+00  2.6000E+00              0.0000E+00  2.6000E+00  2.6000E+00  2.5888E+00
>       awetdens                                          0.0000E+00  2.6000E+00  2.6000E+00  2.4171E+00
>       adryqmas      1.4672E-08  1.4672E-08              0.0000E+00  1.4672E-08  1.4672E-08  1.4422E-08
106c106
<  150  num_a004      1.2274E+02  1.2274E+02  1.2404E+02  3.0013E+06  3.0013E+06  3.0013E+06  3.0331E+06
---
>  150  num_a004      1.2274E+02  1.2274E+02  1.2394E+02  3.0013E+06  3.0013E+06  3.0013E+06  3.0305E+06
110,111c110,111
<  154  water_a004    0.0000E+00  1.8756E-08  1.8765E-08  2.5479E-08  2.5479E-08  2.5479E-08  2.5491E-08
<  155  SO4_a004      0.0000E+00  0.0000E+00  1.4189E-05  0.0000E+00  0.0000E+00  0.0000E+00  3.4696E-13
---
>  154  water_a004    0.0000E+00  1.8793E-08  1.8803E-08  2.5530E-08  2.5530E-08  2.5530E-08  2.5543E-08
>  155  SO4_a004      0.0000E+00  0.0000E+00  1.4372E-05  0.0000E+00  0.0000E+00  0.0000E+00  3.5145E-13
114c114
<  158  NH4_a004      0.0000E+00  0.0000E+00  2.8378E-05  0.0000E+00  0.0000E+00  0.0000E+00  6.9392E-13
---
>  158  NH4_a004      0.0000E+00  0.0000E+00  1.4655E-05  0.0000E+00  0.0000E+00  0.0000E+00  3.5835E-13
127,128c127,128
<  171  OIN_a004      0.0000E+00  0.0000E+00  1.5932E-02  0.0000E+00  0.0000E+00  0.0000E+00  3.8959E-10
<  172  OC_a004       0.0000E+00  0.0000E+00  1.0081E-03  0.0000E+00  0.0000E+00  0.0000E+00  2.4651E-11
---
>  171  OIN_a004      0.0000E+00  0.0000E+00  1.5299E-02  0.0000E+00  0.0000E+00  0.0000E+00  3.7410E-10
>  172  OC_a004       0.0000E+00  0.0000E+00  6.1293E-04  0.0000E+00  0.0000E+00  0.0000E+00  1.4988E-11
131,134c131,134
<       awetdpav                                          0.0000E+00  6.7197E-05  6.7197E-05  6.6981E-05
<       adrydens      2.2000E+00  2.2000E+00              0.0000E+00  2.2000E+00  2.2000E+00  2.2019E+00
<       awetdens                                          0.0000E+00  1.0458E+00  1.0458E+00  1.0463E+00
<       adryqmas      4.0054E-08  4.0054E-08              0.0000E+00  4.0054E-08  4.0054E-08  4.0514E-08
---
>       awetdpav                                          0.0000E+00  6.7240E-05  6.7240E-05  6.7043E-05
>       adrydens      2.2000E+00  2.2000E+00              0.0000E+00  2.2000E+00  2.2000E+00  2.2021E+00
>       awetdens                                          0.0000E+00  1.0457E+00  1.0457E+00  1.0462E+00
>       adryqmas      4.0054E-08  4.0054E-08              0.0000E+00  4.0054E-08  4.0054E-08  4.0483E-08
143,144c143,144
<    3  HCl           0.0000E+00  1.9654E+07  1.9654E+07  7.9806E-13  7.9806E-13  7.9806E-13  7.9806E-13
<    4  NH3           0.0000E+00  1.7041E+07  1.7041E+07  6.9193E-13  6.9193E-13  6.9193E-13  6.9193E-13
---
>    3  HCl           3.4143E-07  1.7243E+07  1.7243E+07  7.0016E-13  7.0016E-13  7.0016E-13  7.0016E-13
>    4  NH3           5.9038E+08  5.9721E+08  5.9721E+08  2.4249E-11  2.4249E-11  2.4249E-11  2.4249E-11
146,148c146,148
<       jaero_state           -1           1
<   78  num_a001      4.4162E+02  4.4162E+02  3.2314E+02  1.0799E+07  1.0799E+07  1.0799E+07  7.9016E+06
<   79  dpdry_a001    2.8284E-02  2.8284E-02  2.8284E-02  2.8284E-06  2.8284E-06  2.8284E-06  2.8284E-06
---
>       jaero_state           -1           2
>   78  num_a001      5.2130E+02  5.2130E+02  4.2695E+02  1.2747E+07  1.2747E+07  1.2747E+07  1.0440E+07
>   79  dpdry_a001    2.9184E-02  2.9185E-02  2.9185E-02  2.9185E-06  2.9185E-06  2.9185E-06  2.9185E-06
151,152c151,152
<   82  water_a001    0.0000E+00  0.0000E+00  0.0000E+00  0.0000E+00  0.0000E+00  0.0000E+00  0.0000E+00
<   83  SO4_a001      0.0000E+00  0.0000E+00  0.0000E+00  0.0000E+00  0.0000E+00  0.0000E+00  0.0000E+00
---
>   82  water_a001    1.0213E-11  1.0208E-11  8.3608E-12  1.3868E-11  1.3868E-11  1.3868E-11  1.1358E-11
>   83  SO4_a001      1.5124E-05  1.5124E-05  1.2387E-05  3.6983E-13  3.6983E-13  3.6983E-13  3.0290E-13
154,155c154,155
<   85  Cl_a001       0.0000E+00  0.0000E+00  0.0000E+00  0.0000E+00  0.0000E+00  0.0000E+00  0.0000E+00
<   86  NH4_a001      0.0000E+00  0.0000E+00  0.0000E+00  0.0000E+00  0.0000E+00  0.0000E+00  0.0000E+00
---
>   85  Cl_a001       4.3969E-13  7.7339E-11  6.3342E-11  1.8911E-18  1.8911E-18  1.8911E-18  1.5489E-18
>   86  NH4_a001      1.5422E-05  1.5463E-05  1.2665E-05  3.7811E-13  3.7811E-13  3.7811E-13  3.0968E-13
169c169
<  100  OC_a001       7.3251E-03  7.3251E-03  5.3598E-03  1.7912E-10  1.7912E-10  1.7912E-10  1.3106E-10
---
>  100  OC_a001       8.1327E-03  8.1327E-03  6.6608E-03  1.9887E-10  1.9887E-10  1.9887E-10  1.6287E-10
171,175c171,175
<       adrydpav                                          0.0000E+00  2.8284E-06  2.8284E-06  2.8284E-06
<       awetdpav                                          0.0000E+00  2.8284E-06  2.8284E-06  2.8284E-06
<       adrydens      1.4000E+00  1.4000E+00              0.0000E+00  1.4000E+00  1.4000E+00  1.4000E+00
<       awetdens                                          0.0000E+00  1.4000E+00  1.4000E+00  1.4000E+00
<       adryqmas      1.7912E-10  1.7912E-10              0.0000E+00  1.7912E-10  1.7912E-10  1.3106E-10
---
>       adrydpav                                          0.0000E+00  2.9185E-06  2.9185E-06  2.9185E-06
>       awetdpav                                          0.0000E+00  3.9634E-06  3.9634E-06  3.9634E-06
>       adrydens      1.4558E+00  1.4558E+00              0.0000E+00  1.4558E+00  1.4558E+00  1.4536E+00
>       awetdens                                          0.0000E+00  1.1820E+00  1.1820E+00  1.1811E+00
>       adryqmas      2.4152E-10  2.4154E-10              0.0000E+00  2.4154E-10  2.4154E-10  1.9753E-10
178,179c178,179
<  102  num_a002      7.3634E+02  7.3634E+02  7.0200E+02  1.8006E+07  1.8006E+07  1.8006E+07  1.7166E+07
<  103  dpdry_a002    5.6569E-02  5.6569E-02  5.6569E-02  5.6569E-06  5.6569E-06  5.6569E-06  5.6569E-06
---
>  102  num_a002      7.0368E+02  7.0368E+02  6.7354E+02  1.7207E+07  1.7207E+07  1.7207E+07  1.6470E+07
>  103  dpdry_a002    5.4779E-02  5.4787E-02  5.4787E-02  5.4787E-06  5.4787E-06  5.4787E-06  5.4787E-06
182,183c182,183
<  106  water_a002    5.8599E-10  5.8598E-10  5.5429E-10  7.9605E-10  7.9605E-10  7.9605E-10  7.5299E-10
<  107  SO4_a002      9.4114E-04  9.4114E-04  8.9024E-04  2.3013E-11  2.3013E-11  2.3013E-11  2.1769E-11
---
>  106  water_a002    6.2775E-10  6.2740E-10  5.9592E-10  8.5231E-10  8.5231E-10  8.5231E-10  8.0955E-10
>  107  SO4_a002      9.2963E-04  9.2963E-04  8.8299E-04  2.2732E-11  2.2732E-11  2.2732E-11  2.1591E-11
185,186c185,186
<  109  Cl_a002       0.0000E+00  1.3397E-08  1.2672E-08  3.2758E-16  3.2758E-16  3.2758E-16  3.0987E-16
<  110  NH4_a002      1.8823E-03  1.8823E-03  1.7805E-03  4.6027E-11  4.6027E-11  4.6027E-11  4.3538E-11
---
>  109  Cl_a002       2.7026E-11  4.7648E-09  4.5258E-09  1.1651E-16  1.1651E-16  1.1651E-16  1.1067E-16
>  110  NH4_a002      9.4789E-04  9.5093E-04  9.0322E-04  2.3253E-11  2.3253E-11  2.3253E-11  2.2086E-11
200c200
<  124  OC_a002       1.0848E-03  1.0848E-03  1.7537E-03  2.6527E-11  2.6527E-11  2.6527E-11  4.2883E-11
---
>  124  OC_a002       8.2911E-04  8.2911E-04  1.4105E-03  2.0274E-11  2.0274E-11  2.0274E-11  3.4489E-11
202,206c202,206
<       adrydpav                                          0.0000E+00  5.6569E-06  5.6569E-06  5.6569E-06
<       awetdpav                                          0.0000E+00  1.1937E-05  1.1937E-05  1.1909E-05
<       adrydens      1.7956E+00  1.7956E+00              0.0000E+00  1.7956E+00  1.7956E+00  1.7925E+00
<       awetdens                                          0.0000E+00  1.0847E+00  1.0847E+00  1.0849E+00
<       adryqmas      3.0643E-09  3.0643E-09              0.0000E+00  3.0643E-09  3.0643E-09  2.9164E-09
---
>       adrydpav                                          0.0000E+00  5.4787E-06  5.4787E-06  5.4787E-06
>       awetdpav                                          0.0000E+00  1.2314E-05  1.2314E-05  1.2285E-05
>       adrydens      1.7840E+00  1.7841E+00              0.0000E+00  1.7841E+00  1.7841E+00  1.7663E+00
>       awetdens                                          0.0000E+00  1.0691E+00  1.0691E+00  1.0680E+00
>       adryqmas      2.6420E-09  2.6433E-09              0.0000E+00  2.6433E-09  2.6433E-09  2.5048E-09
208,209c208,209
<       jaero_state           -1           2
<  126  num_a003      3.0113E+02  3.0113E+02  2.9873E+02  7.3634E+06  7.3645E+06  7.3645E+06  7.3048E+06
---
>       jaero_state           -1           3
>  126  num_a003      3.0046E+02  3.0046E+02  2.9659E+02  7.3470E+06  7.3479E+06  7.3479E+06  7.2525E+06
212,214c212,214
<  129  jhyst_a003    0.0000E+00  1.0000E+00  1.0000E+00  3.3700E-08  3.3701E-08  3.3701E-08  3.2963E-08
<  130  water_a003    2.7814E-11  2.8407E-10  3.0367E-10  3.8591E-10  3.8915E-10  3.8915E-10  4.1253E-10
<  131  SO4_a003      4.4672E-05  4.4672E-05  8.1412E-05  1.0924E-12  1.0924E-12  1.0924E-12  1.9907E-12
---
>  129  jhyst_a003    0.0000E+00  0.0000E+00  0.0000E+00  0.0000E+00  0.0000E+00  0.0000E+00  0.0000E+00
>  130  water_a003    2.7604E-11  2.7588E-11  5.3102E-11  3.7478E-11  4.0201E-11  4.0201E-11  7.2138E-11
>  131  SO4_a003      4.0878E-05  4.0878E-05  7.5785E-05  9.9957E-13  9.9961E-13  9.9961E-13  1.8531E-12
216,217c216,217
<  133  Cl_a003       0.0000E+00  6.7763E-08  3.5481E-06  1.6570E-15  8.8691E-14  8.8691E-14  8.6762E-14
<  134  NH4_a003      8.9344E-05  8.9412E-05  1.6289E-04  2.1864E-12  2.1864E-12  2.1864E-12  3.9830E-12
---
>  133  Cl_a003       1.1884E-12  2.0961E-10  2.9130E-06  5.1255E-18  7.3002E-14  7.3002E-14  7.1230E-14
>  134  NH4_a003      4.1681E-05  4.1814E-05  7.7519E-05  1.0225E-12  1.0225E-12  1.0225E-12  1.8955E-12
228c228
<  145  Na_a003       0.0000E+00  0.0000E+00  3.4849E-06  0.0000E+00  8.7122E-14  8.7122E-14  8.5214E-14
---
>  145  Na_a003       0.0000E+00  0.0000E+00  2.9156E-06  0.0000E+00  7.3071E-14  7.3071E-14  7.1293E-14
230,231c230,231
<  147  OIN_a003      5.8407E-01  5.8407E-01  5.7128E-01  1.4282E-08  1.4282E-08  1.4282E-08  1.3969E-08
<  148  OC_a003       5.8197E-04  5.8197E-04  1.1080E-03  1.4231E-11  1.4234E-11  1.4234E-11  2.7095E-11
---
>  147  OIN_a003      5.8470E-01  5.8470E-01  5.7048E-01  1.4298E-08  1.4298E-08  1.4298E-08  1.3950E-08
>  148  OC_a003       4.2530E-04  4.2530E-04  7.9039E-04  1.0400E-11  1.0401E-11  1.0401E-11  1.9327E-11
234,241c234,241
<       awetdpav                                          0.0000E+00  1.4835E-05  1.4835E-05  1.5022E-05
<       adrydens      2.5863E+00  2.5863E+00              0.0000E+00  2.5862E+00  2.5862E+00  2.5746E+00
<       awetdens                                          0.0000E+00  1.7037E+00  1.7037E+00  1.6728E+00
<       adryqmas      1.4440E-08  1.4441E-08              0.0000E+00  1.4446E-08  1.4446E-08  1.4264E-08
< 
<       jaero_state           -1           2
<  150  num_a004      1.2404E+02  1.2404E+02  1.2507E+02  3.0331E+06  3.0320E+06  3.0320E+06  3.0583E+06
<  151  dpdry_a004    2.2627E-01  2.2620E-01  2.2622E-01  2.2620E-05  2.2620E-05  2.2620E-05  2.2620E-05
---
>       awetdpav                                          0.0000E+00  1.1785E-05  1.1785E-05  1.2143E-05
>       adrydens      2.5890E+00  2.5890E+00              0.0000E+00  2.5889E+00  2.5889E+00  2.5789E+00
>       awetdens                                          0.0000E+00  2.4063E+00  2.4063E+00  2.2773E+00
>       adryqmas      1.4423E-08  1.4423E-08              0.0000E+00  1.4428E-08  1.4428E-08  1.4185E-08
> 
>       jaero_state           -1           3
>  150  num_a004      1.2394E+02  1.2394E+02  1.2502E+02  3.0305E+06  3.0296E+06  3.0296E+06  3.0570E+06
>  151  dpdry_a004    2.2627E-01  2.2621E-01  2.2623E-01  2.2621E-05  2.2621E-05  2.2621E-05  2.2621E-05
243,245c243,245
<  153  jhyst_a004    0.0000E+00  1.0000E+00  1.0000E+00  3.9240E-09  3.9235E-09  3.9235E-09  4.6614E-09
<  154  water_a004    1.8765E-08  1.8753E-08  1.8765E-08  2.5475E-08  2.5472E-08  2.5472E-08  2.5492E-08
<  155  SO4_a004      1.4189E-05  1.4189E-05  2.8349E-05  3.4696E-13  3.4691E-13  3.4691E-13  6.9322E-13
---
>  153  jhyst_a004    0.0000E+00  0.0000E+00  0.0000E+00  0.0000E+00  0.0000E+00  0.0000E+00  0.0000E+00
>  154  water_a004    1.8803E-08  1.8783E-08  1.8791E-08  2.5517E-08  2.5514E-08  2.5514E-08  2.5527E-08
>  155  SO4_a004      1.4372E-05  1.4372E-05  2.8841E-05  3.5145E-13  3.5141E-13  3.5141E-13  7.0525E-13
247,248c247,248
<  157  Cl_a004       2.8000E-02  2.7972E-02  2.7968E-02  6.8398E-10  6.8389E-10  6.8389E-10  6.8390E-10
<  158  NH4_a004      2.8378E-05  0.0000E+00  2.8326E-05  0.0000E+00  0.0000E+00  0.0000E+00  6.9264E-13
---
>  157  Cl_a004       2.8000E-02  2.7971E-02  2.7968E-02  6.8397E-10  6.8390E-10  6.8390E-10  6.8390E-10
>  158  NH4_a004      1.4655E-05  1.0671E-07  1.4908E-05  2.6092E-15  2.6090E-15  2.6090E-15  3.6455E-13
259c259
<  169  Na_a004       2.8000E-02  2.8000E-02  2.7997E-02  6.8468E-10  6.8459E-10  6.8459E-10  6.8459E-10
---
>  169  Na_a004       2.8000E-02  2.8000E-02  2.7997E-02  6.8468E-10  6.8460E-10  6.8460E-10  6.8460E-10
261,262c261,262
<  171  OIN_a004      1.5932E-02  1.5932E-02  2.8720E-02  3.8959E-10  3.8954E-10  3.8954E-10  7.0228E-10
<  172  OC_a004       1.0081E-03  1.0081E-03  1.7784E-03  2.4651E-11  2.4648E-11  2.4648E-11  4.3488E-11
---
>  171  OIN_a004      1.5299E-02  1.5299E-02  2.9524E-02  3.7410E-10  3.7406E-10  3.7406E-10  7.2195E-10
>  172  OC_a004       6.1293E-04  6.1293E-04  1.1384E-03  1.4988E-11  1.4986E-11  1.4986E-11  2.7836E-11
264,268c264,268
<       adrydpav                                          0.0000E+00  2.2622E-05  2.2622E-05  2.2622E-05
<       awetdpav                                          0.0000E+00  6.6972E-05  6.6972E-05  6.6803E-05
<       adrydens      2.2019E+00  2.2021E+00              0.0000E+00  2.2021E+00  2.2021E+00  2.2035E+00
<       awetdens                                          0.0000E+00  1.0463E+00  1.0463E+00  1.0467E+00
<       adryqmas      4.0514E-08  4.0476E-08              0.0000E+00  4.0471E-08  4.0471E-08  4.0849E-08
---
>       adrydpav                                          0.0000E+00  2.2623E-05  2.2623E-05  2.2623E-05
>       awetdpav                                          0.0000E+00  6.7024E-05  6.7024E-05  6.6842E-05
>       adrydens      2.2015E+00  2.2023E+00              0.0000E+00  2.2023E+00  2.2023E+00  2.2042E+00
>       awetdens                                          0.0000E+00  1.0462E+00  1.0462E+00  1.0467E+00
>       adryqmas      4.0471E-08  4.0452E-08              0.0000E+00  4.0447E-08  4.0447E-08  4.0849E-08
 
 
 
 
 
doing diff on  fort.172w3
7,10c7,10
<    1  H2SO4         2.4628E+10  1.1530E+10  1.1530E+10  4.6817E-10  4.6817E-10  4.6817E-10  4.6817E-10
<    2  HNO3          4.9256E+10  2.6884E+10  2.6884E+10  1.0916E-09  1.0916E-09  1.0916E-09  1.0916E-09
<    3  HCl           0.0000E+00  9.0673E+09  9.0673E+09  3.6817E-10  3.6817E-10  3.6817E-10  3.6817E-10
<    4  NH3           9.8511E+10  7.5539E+10  7.5539E+10  3.0672E-09  3.0672E-09  3.0672E-09  3.0672E-09
---
>    1  H2SO4         2.4628E+10  1.1511E+10  1.1511E+10  4.6739E-10  4.6739E-10  4.6739E-10  4.6739E-10
>    2  HNO3          4.9256E+10  2.5156E+10  2.5156E+10  1.0215E-09  1.0215E-09  1.0215E-09  1.0215E-09
>    3  HCl           0.0000E+00  8.6051E+09  8.6051E+09  3.4940E-10  3.4940E-10  3.4940E-10  3.4940E-10
>    4  NH3           9.8511E+10  6.8670E+10  6.8670E+10  2.7883E-09  2.7883E-09  2.7883E-09  2.7883E-09
13,14c13,14
<   78  num_a001      6.0289E+02  6.0289E+02  1.6818E+02  1.4742E+07  4.1125E+06  4.1125E+06  4.1125E+06
<   79  dpdry_a001    2.8284E-02  4.6269E-02  3.6622E-02  4.6269E-06  4.6269E-06  4.6269E-06  4.6269E-06
---
>   78  num_a001      6.0289E+02  6.0289E+02  1.5673E+02  1.4742E+07  3.8326E+06  3.8326E+06  3.8326E+06
>   79  dpdry_a001    2.8284E-02  4.6795E-02  3.6783E-02  4.6795E-06  4.6795E-06  4.6795E-06  4.6795E-06
17,21c17,21
<   82  water_a001    0.0000E+00  2.5292E-10  3.4984E-11  3.4358E-10  4.7525E-11  4.7525E-11  4.7525E-11
<   83  SO4_a001      0.0000E+00  1.6472E-04  2.2784E-05  4.0278E-12  5.5713E-13  5.5713E-13  5.5713E-13
<   84  NO3_a001      0.0000E+00  2.4814E-04  3.4323E-05  6.0676E-12  8.3929E-13  8.3929E-13  8.3929E-13
<   85  Cl_a001       0.0000E+00  7.0263E-05  9.7189E-06  1.7181E-12  2.3765E-13  2.3765E-13  2.3765E-13
<   86  NH4_a001      0.0000E+00  5.5690E-04  7.7031E-05  1.3618E-11  1.8836E-12  1.8836E-12  1.8836E-12
---
>   82  water_a001    0.0000E+00  2.8636E-10  3.6156E-11  3.8901E-10  4.9117E-11  4.9117E-11  4.9117E-11
>   83  SO4_a001      0.0000E+00  1.6460E-04  2.0782E-05  4.0248E-12  5.0818E-13  5.0818E-13  5.0818E-13
>   84  NO3_a001      0.0000E+00  2.6222E-04  3.3109E-05  6.4121E-12  8.0960E-13  8.0960E-13  8.0960E-13
>   85  Cl_a001       0.0000E+00  7.5734E-05  9.5623E-06  1.8519E-12  2.3382E-13  2.3382E-13  2.3382E-13
>   86  NH4_a001      0.0000E+00  6.1156E-04  7.7215E-05  1.4954E-11  1.8881E-12  1.8881E-12  1.8881E-12
35c35
<  100  OC_a001       1.0000E-02  1.0000E-02  1.3832E-03  2.4453E-10  3.3824E-11  3.3824E-11  3.3824E-11
---
>  100  OC_a001       1.0000E-02  1.0000E-02  1.2626E-03  2.4453E-10  3.0874E-11  3.0874E-11  3.0874E-11
37,41c37,41
<       adrydpav                                          0.0000E+00  3.6622E-06  3.6622E-06  3.6622E-06
<       awetdpav                                          0.0000E+00  7.6426E-06  7.6426E-06  7.6426E-06
<       adrydens      1.4000E+00  1.7208E+00              0.0000E+00  1.7208E+00  1.7208E+00  1.7208E+00
<       awetdens                                          0.0000E+00  1.0793E+00  1.0793E+00  1.0793E+00
<       adryqmas      2.4453E-10  1.3157E-09              0.0000E+00  1.8199E-10  1.8199E-10  1.8199E-10
---
>       adrydpav                                          0.0000E+00  3.6783E-06  3.6783E-06  3.6783E-06
>       awetdpav                                          0.0000E+00  7.8855E-06  7.8855E-06  7.8855E-06
>       adrydens      1.4000E+00  1.7254E+00              0.0000E+00  1.7254E+00  1.7254E+00  1.7254E+00
>       awetdens                                          0.0000E+00  1.0736E+00  1.0736E+00  1.0736E+00
>       adryqmas      2.4453E-10  1.3647E-09              0.0000E+00  1.7231E-10  1.7231E-10  1.7231E-10
44,45c44,45
<  102  num_a002      7.7371E+02  7.7371E+02  4.3471E+02  1.8919E+07  1.0630E+07  1.0630E+07  1.0630E+07
<  103  dpdry_a002    5.6569E-02  1.1668E-01  4.9100E-02  1.1668E-05  1.1668E-05  1.1668E-05  1.1668E-05
---
>  102  num_a002      7.7371E+02  7.7371E+02  4.4616E+02  1.8919E+07  1.0910E+07  1.0910E+07  1.0910E+07
>  103  dpdry_a002    5.6569E-02  1.1796E-01  4.9459E-02  1.1796E-05  1.1796E-05  1.1796E-05  1.1796E-05
48,52c48,52
<  106  water_a002    0.0000E+00  6.7145E-09  2.1793E-10  9.1216E-09  2.9606E-10  2.9606E-10  2.9606E-10
<  107  SO4_a002      1.0000E-03  4.7346E-03  1.4193E-04  1.1577E-10  3.4706E-12  3.4706E-12  3.4706E-12
<  108  NO3_a002      0.0000E+00  6.0387E-03  2.1381E-04  1.4766E-10  5.2283E-12  5.2283E-12  5.2283E-12
<  109  Cl_a002       0.0000E+00  1.7635E-03  6.0544E-05  4.3123E-11  1.4805E-12  1.4805E-12  1.4805E-12
<  110  NH4_a002      2.0000E-03  1.5252E-02  4.7986E-04  3.7296E-10  1.1734E-11  1.1734E-11  1.1734E-11
---
>  106  water_a002    0.0000E+00  7.3722E-09  2.5020E-10  1.0015E-08  3.3990E-10  3.3990E-10  3.3990E-10
>  107  SO4_a002      1.0000E-03  4.7604E-03  1.4381E-04  1.1640E-10  3.5166E-12  3.5166E-12  3.5166E-12
>  108  NO3_a002      0.0000E+00  6.2526E-03  2.2912E-04  1.5289E-10  5.6025E-12  5.6025E-12  5.6025E-12
>  109  Cl_a002       0.0000E+00  1.8471E-03  6.6172E-05  4.5167E-11  1.6181E-12  1.6181E-12  1.6181E-12
>  110  NH4_a002      2.0000E-03  1.6471E-02  5.3434E-04  4.0277E-10  1.3066E-11  1.3066E-11  1.3066E-11
66c66
<  124  OC_a002       0.0000E+00  0.0000E+00  8.6168E-03  0.0000E+00  2.1070E-10  2.1070E-10  2.1070E-10
---
>  124  OC_a002       0.0000E+00  0.0000E+00  8.7374E-03  0.0000E+00  2.1365E-10  2.1365E-10  2.1365E-10
68,72c68,72
<       adrydpav                                          0.0000E+00  4.9100E-06  4.9100E-06  4.9100E-06
<       awetdpav                                          0.0000E+00  1.0247E-05  1.0247E-05  1.0247E-05
<       adrydens      1.8000E+00  1.8152E+00              0.0000E+00  1.7208E+00  1.7208E+00  1.7208E+00
<       awetdens                                          0.0000E+00  1.0793E+00  1.0793E+00  1.0793E+00
<       adryqmas      3.2278E-09  2.8563E-08              0.0000E+00  1.1337E-09  1.1337E-09  1.1337E-09
---
>       adrydpav                                          0.0000E+00  4.9459E-06  4.9459E-06  4.9459E-06
>       awetdpav                                          0.0000E+00  1.0603E-05  1.0603E-05  1.0603E-05
>       adrydens      1.8000E+00  1.8165E+00              0.0000E+00  1.7254E+00  1.7254E+00  1.7254E+00
>       awetdens                                          0.0000E+00  1.0736E+00  1.0736E+00  1.0736E+00
>       adryqmas      3.2278E-09  2.9535E-08              0.0000E+00  1.1924E-09  1.1924E-09  1.1924E-09
75,76c75,76
<  126  num_a003      3.0434E+02  3.0434E+02  1.0247E+03  7.4419E+06  2.5057E+07  2.5057E+07  2.5057E+07
<  127  dpdry_a003    1.1314E-01  1.4037E-01  1.2093E-01  1.4037E-05  1.4037E-05  1.4037E-05  1.4037E-05
---
>  126  num_a003      3.0434E+02  3.0434E+02  1.0287E+03  7.4419E+06  2.5154E+07  2.5154E+07  2.5154E+07
>  127  dpdry_a003    1.1314E-01  1.3941E-01  1.2177E-01  1.3941E-05  1.3941E-05  1.3941E-05  1.3941E-05
79,83c79,83
<  130  water_a003    0.0000E+00  2.7889E-09  8.6474E-09  3.7887E-09  1.1747E-08  1.1747E-08  1.1747E-08
<  131  SO4_a003      0.0000E+00  1.3125E-03  5.6442E-03  3.2093E-11  1.3802E-10  1.3802E-10  1.3802E-10
<  132  NO3_a003      0.0000E+00  2.3434E-03  7.6628E-03  5.7303E-11  1.8738E-10  1.8738E-10  1.8738E-10
<  133  Cl_a003       0.0000E+00  7.2925E-04  2.2689E-03  1.7832E-11  5.5481E-11  5.5481E-11  5.5481E-11
<  134  NH4_a003      0.0000E+00  4.6390E-03  1.8467E-02  1.1344E-10  4.5157E-10  4.5157E-10  4.5157E-10
---
>  130  water_a003    0.0000E+00  2.3594E-09  9.0535E-09  3.2052E-09  1.2299E-08  1.2299E-08  1.2299E-08
>  131  SO4_a003      0.0000E+00  1.3115E-03  5.6949E-03  3.2070E-11  1.3926E-10  1.3926E-10  1.3926E-10
>  132  NO3_a003      0.0000E+00  2.0914E-03  7.7429E-03  5.1141E-11  1.8934E-10  1.8934E-10  1.8934E-10
>  133  Cl_a003       0.0000E+00  6.0353E-04  2.2772E-03  1.4758E-11  5.5683E-11  5.5683E-11  5.5683E-11
>  134  NH4_a003      0.0000E+00  4.8781E-03  1.9947E-02  1.1928E-10  4.8777E-10  4.8777E-10  4.8777E-10
96c96
<  147  OIN_a003      6.0000E-01  6.0000E-01  4.1582E-01  1.4672E-08  1.0168E-08  1.0168E-08  1.0168E-08
---
>  147  OIN_a003      6.0000E-01  6.0000E-01  4.2755E-01  1.4672E-08  1.0455E-08  1.0455E-08  1.0455E-08
99,103c99,103
<       adrydpav                                          0.0000E+00  1.2093E-05  1.2093E-05  1.2093E-05
<       awetdpav                                          0.0000E+00  2.6152E-05  2.6152E-05  2.6152E-05
<       adrydens      2.6000E+00  2.2277E+00              0.0000E+00  1.9479E+00  1.9479E+00  1.9479E+00
<       awetdens                                          0.0000E+00  1.0937E+00  1.0937E+00  1.0937E+00
<       adryqmas      1.4672E-08  2.4006E-08              0.0000E+00  4.5200E-08  4.5200E-08  4.5200E-08
---
>       adrydpav                                          0.0000E+00  1.2177E-05  1.2177E-05  1.2177E-05
>       awetdpav                                          0.0000E+00  2.6502E-05  2.6502E-05  2.6502E-05
>       adrydens      2.6000E+00  2.2358E+00              0.0000E+00  1.9492E+00  1.9492E+00  1.9492E+00
>       awetdens                                          0.0000E+00  1.0921E+00  1.0921E+00  1.0921E+00
>       adryqmas      1.4672E-08  2.3603E-08              0.0000E+00  4.6354E-08  4.6354E-08  4.6354E-08
106,107c106,107
<  150  num_a004      1.2274E+02  1.2274E+02  1.7607E+02  3.0013E+06  4.3054E+06  4.3054E+06  4.3054E+06
<  151  dpdry_a004    2.2627E-01  3.4089E-01  3.0752E-01  3.4089E-05  3.4089E-05  3.4089E-05  3.4089E-05
---
>  150  num_a004      1.2274E+02  1.2274E+02  1.7210E+02  3.0013E+06  4.2083E+06  4.2083E+06  4.2083E+06
>  151  dpdry_a004    2.2627E-01  3.4984E-01  3.1719E-01  3.4984E-05  3.4984E-05  3.4984E-05  3.4984E-05
110,114c110,114
<  154  water_a004    0.0000E+00  2.7565E-08  2.8421E-08  3.7447E-08  3.8610E-08  3.8610E-08  3.8610E-08
<  155  SO4_a004      0.0000E+00  1.6537E-02  1.6940E-02  4.0438E-10  4.1423E-10  4.1423E-10  4.1423E-10
<  156  NO3_a004      0.0000E+00  2.8518E-02  2.9238E-02  6.9735E-10  7.1494E-10  7.1494E-10  7.1494E-10
<  157  Cl_a004       2.8000E-02  1.0380E-02  1.0604E-02  2.5383E-10  2.5930E-10  2.5930E-10  2.5930E-10
<  158  NH4_a004      0.0000E+00  1.9698E-02  2.1122E-02  4.8167E-10  5.1649E-10  5.1649E-10  5.1649E-10
---
>  154  water_a004    0.0000E+00  3.2890E-08  3.3568E-08  4.4681E-08  4.5602E-08  4.5602E-08  4.5602E-08
>  155  SO4_a004      0.0000E+00  1.6545E-02  1.6922E-02  4.0456E-10  4.1378E-10  4.1378E-10  4.1378E-10
>  156  NO3_a004      0.0000E+00  3.1411E-02  3.2012E-02  7.6809E-10  7.8279E-10  7.8279E-10  7.8279E-10
>  157  Cl_a004       2.8000E-02  1.1185E-02  1.1358E-02  2.7349E-10  2.7774E-10  2.7774E-10  2.7774E-10
>  158  NH4_a004      0.0000E+00  2.9591E-02  3.0993E-02  7.2358E-10  7.5786E-10  7.5786E-10  7.5786E-10
127c127
<  171  OIN_a004      0.0000E+00  0.0000E+00  1.8418E-01  0.0000E+00  4.5036E-09  4.5036E-09  4.5036E-09
---
>  171  OIN_a004      0.0000E+00  0.0000E+00  1.7245E-01  0.0000E+00  4.2169E-09  4.2169E-09  4.2169E-09
130,134c130,134
<       adrydpav                                          0.0000E+00  3.0752E-05  3.0752E-05  3.0752E-05
<       awetdpav                                          0.0000E+00  6.9615E-05  6.9615E-05  6.9615E-05
<       adrydens      2.2000E+00  1.8647E+00              0.0000E+00  1.8830E+00  1.8830E+00  1.8830E+00
<       awetdens                                          0.0000E+00  1.0761E+00  1.0761E+00  1.0761E+00
<       adryqmas      4.0054E-08  1.1608E-07              0.0000E+00  1.2345E-07  1.2345E-07  1.2345E-07
---
>       adrydpav                                          0.0000E+00  3.1719E-05  3.1719E-05  3.1719E-05
>       awetdpav                                          0.0000E+00  7.3952E-05  7.3952E-05  7.3952E-05
>       adrydens      2.2000E+00  1.8635E+00              0.0000E+00  1.8796E+00  1.8796E+00  1.8796E+00
>       awetdens                                          0.0000E+00  1.0694E+00  1.0694E+00  1.0694E+00
>       adryqmas      4.0054E-08  1.2538E-07              0.0000E+00  1.3217E-07  1.3217E-07  1.3217E-07
141,144c141,144
<    1  H2SO4         1.1530E+10  2.5268E+09  2.5268E+09  1.0260E-10  1.0260E-10  1.0260E-10  1.0260E-10
<    2  HNO3          2.6884E+10  2.1750E+10  2.1750E+10  8.8314E-10  8.8314E-10  8.8314E-10  8.8314E-10
<    3  HCl           9.0673E+09  9.2948E+09  9.2948E+09  3.7741E-10  3.7741E-10  3.7741E-10  3.7741E-10
<    4  NH3           7.5539E+10  3.9618E+10  3.9618E+10  1.6087E-09  1.6087E-09  1.6087E-09  1.6087E-09
---
>    1  H2SO4         1.1511E+10  2.1520E+09  2.1520E+09  8.7382E-11  8.7382E-11  8.7382E-11  8.7382E-11
>    2  HNO3          2.5156E+10  2.0499E+10  2.0499E+10  8.3236E-10  8.3236E-10  8.3236E-10  8.3236E-10
>    3  HCl           8.6051E+09  9.1787E+09  9.1787E+09  3.7270E-10  3.7270E-10  3.7270E-10  3.7270E-10
>    4  NH3           6.8670E+10  3.5378E+10  3.5378E+10  1.4365E-09  1.4365E-09  1.4365E-09  1.4365E-09
147,148c147,148
<   78  num_a001      1.6818E+02  1.6818E+02  1.3726E+00  4.1125E+06  3.3564E+04  3.3564E+04  3.3564E+04
<   79  dpdry_a001    3.6622E-02  5.8043E-02  3.8514E-02  5.8043E-06  5.8043E-06  5.8043E-06  5.8043E-06
---
>   78  num_a001      1.5673E+02  1.5673E+02  0.0000E+00  3.8326E+06  0.0000E+00  0.0000E+00  0.0000E+00
>   79  dpdry_a001    3.6783E-02  5.7546E-02  2.8284E-02  5.7546E-06  5.7546E-06  5.7546E-06  5.7546E-06
151,155c151,155
<   82  water_a001    3.4984E-11  1.7135E-10  4.0857E-13  2.3278E-10  5.5504E-13  5.5504E-13  5.5504E-13
<   83  SO4_a001      2.2784E-05  1.3023E-04  3.1052E-07  3.1845E-12  7.5931E-15  7.5931E-15  7.5931E-15
<   84  NO3_a001      3.4323E-05  1.3146E-04  3.1344E-07  3.2145E-12  7.6645E-15  7.6645E-15  7.6645E-15
<   85  Cl_a001       9.7189E-06  3.4327E-05  8.1848E-08  8.3938E-13  2.0014E-15  2.0014E-15  2.0014E-15
<   86  NH4_a001      7.7031E-05  4.1970E-04  1.0007E-06  1.0263E-11  2.4470E-14  2.4470E-14  2.4470E-14
---
>   82  water_a001    3.6156E-11  1.5938E-10  0.0000E+00  2.1652E-10  0.0000E+00  0.0000E+00  0.0000E+00
>   83  SO4_a001      2.0782E-05  1.2286E-04  0.0000E+00  3.0042E-12  0.0000E+00  0.0000E+00  0.0000E+00
>   84  NO3_a001      3.3109E-05  1.1202E-04  0.0000E+00  2.7393E-12  0.0000E+00  0.0000E+00  0.0000E+00
>   85  Cl_a001       9.5623E-06  2.9880E-05  0.0000E+00  7.3064E-13  0.0000E+00  0.0000E+00  0.0000E+00
>   86  NH4_a001      7.7215E-05  3.8406E-04  0.0000E+00  9.3913E-12  0.0000E+00  0.0000E+00  0.0000E+00
169c169
<  100  OC_a001       1.3832E-03  1.3832E-03  3.2981E-06  3.3824E-11  8.0648E-14  8.0648E-14  8.0648E-14
---
>  100  OC_a001       1.2626E-03  1.2626E-03  0.0000E+00  3.0874E-11  0.0000E+00  0.0000E+00  0.0000E+00
171,175c171,175
<       adrydpav                                          0.0000E+00  3.8514E-06  3.8514E-06  3.8514E-06
<       awetdpav                                          0.0000E+00  8.5527E-06  8.5527E-06  8.5527E-06
<       adrydens      1.7026E+00  1.7896E+00              0.0000E+00  1.7896E+00  1.7896E+00  1.7896E+00
<       awetdens                                          0.0000E+00  1.0721E+00  1.0721E+00  1.0721E+00
<       adryqmas      1.6891E-10  7.5352E-10              0.0000E+00  1.7967E-12  1.7967E-12  1.7967E-12
---
>       adrydpav                                          0.0000E+00  2.8284E-06  2.8284E-06  2.8284E-06
>       awetdpav                                          0.0000E+00  2.8284E-06  2.8284E-06  2.8284E-06
>       adrydens      1.6627E+00  1.7891E+00              0.0000E+00  1.8000E+00  1.8000E+00  1.8000E+00
>       awetdens                                          0.0000E+00  1.8000E+00  1.8000E+00  1.8000E+00
>       adryqmas      1.6605E-10  6.8418E-10              0.0000E+00  0.0000E+00  0.0000E+00  0.0000E+00
178,179c178,179
<  102  num_a002      4.3471E+02  4.3471E+02  5.3269E+02  1.0630E+07  1.3026E+07  1.3026E+07  1.3026E+07
<  103  dpdry_a002    4.9100E-02  7.2536E-02  6.6837E-02  7.2536E-06  7.2536E-06  7.2536E-06  7.2536E-06
---
>  102  num_a002      4.4616E+02  4.4616E+02  5.3210E+02  1.0910E+07  1.3011E+07  1.3011E+07  1.3011E+07
>  103  dpdry_a002    4.9459E-02  7.1871E-02  6.6193E-02  7.1871E-06  7.1871E-06  7.1871E-06  7.1871E-06
182,186c182,186
<  106  water_a002    2.1793E-10  8.5877E-10  8.2440E-10  1.1666E-09  1.1199E-09  1.1199E-09  1.1199E-09
<  107  SO4_a002      1.4193E-04  6.4063E-04  6.1738E-04  1.5665E-11  1.5097E-11  1.5097E-11  1.5097E-11
<  108  NO3_a002      2.1381E-04  6.6425E-04  6.3658E-04  1.6243E-11  1.5566E-11  1.5566E-11  1.5566E-11
<  109  Cl_a002       6.0544E-05  1.7361E-04  1.6635E-04  4.2452E-12  4.0676E-12  4.0676E-12  4.0676E-12
<  110  NH4_a002      4.7986E-04  2.0827E-03  2.0035E-03  5.0928E-11  4.8990E-11  4.8990E-11  4.8990E-11
---
>  106  water_a002    2.5020E-10  8.7282E-10  8.1522E-10  1.1857E-09  1.1075E-09  1.1075E-09  1.1075E-09
>  107  SO4_a002      1.4381E-04  6.6676E-04  6.2386E-04  1.6304E-11  1.5255E-11  1.5255E-11  1.5255E-11
>  108  NO3_a002      2.2912E-04  6.1811E-04  5.7647E-04  1.5115E-11  1.4096E-11  1.4096E-11  1.4096E-11
>  109  Cl_a002       6.6172E-05  1.6478E-04  1.5369E-04  4.0293E-12  3.7582E-12  3.7582E-12  3.7582E-12
>  110  NH4_a002      5.3434E-04  2.0952E-03  1.9584E-03  5.1234E-11  4.7888E-11  4.7888E-11  4.7888E-11
200c200
<  124  OC_a002       8.6168E-03  8.6168E-03  7.9365E-03  2.1070E-10  1.9407E-10  1.9407E-10  1.9407E-10
---
>  124  OC_a002       8.7374E-03  8.7374E-03  7.8279E-03  2.1365E-10  1.9141E-10  1.9141E-10  1.9141E-10
202,206c202,206
<       adrydpav                                          0.0000E+00  6.6837E-06  6.6837E-06  6.6837E-06
<       awetdpav                                          0.0000E+00  1.4819E-05  1.4819E-05  1.4819E-05
<       adrydens      1.7026E+00  1.7842E+00              0.0000E+00  1.7853E+00  1.7853E+00  1.7853E+00
<       awetdens                                          0.0000E+00  1.0721E+00  1.0721E+00  1.0721E+00
<       adryqmas      1.0522E-09  3.7899E-09              0.0000E+00  3.6355E-09  3.6355E-09  3.6355E-09
---
>       adrydpav                                          0.0000E+00  6.6193E-06  6.6193E-06  6.6193E-06
>       awetdpav                                          0.0000E+00  1.4761E-05  1.4761E-05  1.4761E-05
>       adrydens      1.6627E+00  1.7833E+00              0.0000E+00  1.7844E+00  1.7844E+00  1.7844E+00
>       awetdens                                          0.0000E+00  1.0707E+00  1.0707E+00  1.0707E+00
>       adryqmas      1.1491E-09  3.7817E-09              0.0000E+00  3.5258E-09  3.5258E-09  3.5258E-09
209,210c209,210
<  126  num_a003      1.0247E+03  1.0247E+03  7.5011E+02  2.5057E+07  1.8342E+07  1.8342E+07  1.8342E+07
<  127  dpdry_a003    1.2093E-01  1.5132E-01  1.3151E-01  1.5132E-05  1.5132E-05  1.5132E-05  1.5132E-05
---
>  126  num_a003      1.0287E+03  1.0287E+03  7.8468E+02  2.5154E+07  1.9187E+07  1.9187E+07  1.9187E+07
>  127  dpdry_a003    1.2177E-01  1.4864E-01  1.3012E-01  1.4864E-05  1.4864E-05  1.4864E-05  1.4864E-05
213,217c213,217
<  130  water_a003    8.6474E-09  1.8947E-08  9.0999E-09  2.5740E-08  1.2362E-08  1.2362E-08  1.2362E-08
<  131  SO4_a003      5.6442E-03  1.3029E-02  6.2693E-03  3.1859E-10  1.5330E-10  1.5330E-10  1.5330E-10
<  132  NO3_a003      7.6628E-03  1.4643E-02  7.0326E-03  3.5805E-10  1.7196E-10  1.7196E-10  1.7196E-10
<  133  Cl_a003       2.2689E-03  3.8425E-03  1.8453E-03  9.3960E-11  4.5123E-11  4.5123E-11  4.5123E-11
<  134  NH4_a003      1.8467E-02  4.3688E-02  2.1007E-02  1.0683E-09  5.1368E-10  5.1368E-10  5.1368E-10
---
>  130  water_a003    9.0535E-09  1.7505E-08  8.9626E-09  2.3780E-08  1.2175E-08  1.2175E-08  1.2175E-08
>  131  SO4_a003      5.6949E-03  1.3052E-02  6.6867E-03  3.1916E-10  1.6351E-10  1.6351E-10  1.6351E-10
>  132  NO3_a003      7.7429E-03  1.2663E-02  6.4801E-03  3.0964E-10  1.5846E-10  1.5846E-10  1.5846E-10
>  133  Cl_a003       2.2772E-03  3.3815E-03  1.7304E-03  8.2687E-11  4.2313E-11  4.2313E-11  4.2313E-11
>  134  NH4_a003      1.9947E-02  4.1697E-02  2.1353E-02  1.0196E-09  5.2214E-10  5.2214E-10  5.2214E-10
230,231c230,231
<  147  OIN_a003      4.1582E-01  4.1582E-01  1.9520E-01  1.0168E-08  4.7732E-09  4.7732E-09  4.7732E-09
<  148  OC_a003       0.0000E+00  0.0000E+00  2.0602E-03  0.0000E+00  5.0377E-11  5.0377E-11  5.0377E-11
---
>  147  OIN_a003      4.2755E-01  4.2755E-01  2.1361E-01  1.0455E-08  5.2233E-09  5.2233E-09  5.2233E-09
>  148  OC_a003       0.0000E+00  0.0000E+00  2.1721E-03  0.0000E+00  5.3115E-11  5.3115E-11  5.3115E-11
233,237c233,237
<       adrydpav                                          0.0000E+00  1.3151E-05  1.3151E-05  1.3151E-05
<       awetdpav                                          0.0000E+00  2.9412E-05  2.9412E-05  2.9412E-05
<       adrydens      1.9433E+00  1.8818E+00              0.0000E+00  1.8795E+00  1.8795E+00  1.8795E+00
<       awetdens                                          0.0000E+00  1.0786E+00  1.0786E+00  1.0786E+00
<       adryqmas      4.2429E-08  8.5537E-08              0.0000E+00  4.1060E-08  4.1060E-08  4.1060E-08
---
>       adrydpav                                          0.0000E+00  1.3012E-05  1.3012E-05  1.3012E-05
>       awetdpav                                          0.0000E+00  2.8852E-05  2.8852E-05  2.8852E-05
>       adrydens      1.8943E+00  1.8865E+00              0.0000E+00  1.8841E+00  1.8841E+00  1.8841E+00
>       awetdens                                          0.0000E+00  1.0811E+00  1.0811E+00  1.0811E+00
>       adryqmas      4.5049E-08  8.1590E-08              0.0000E+00  4.1703E-08  4.1703E-08  4.1703E-08
240,241c240,241
<  150  num_a004      1.7607E+02  1.7607E+02  5.1951E+02  4.3054E+06  1.2703E+07  1.2703E+07  1.2703E+07
<  151  dpdry_a004    3.0752E-01  3.3149E-01  2.5183E-01  3.3149E-05  3.3149E-05  3.3149E-05  3.3149E-05
---
>  150  num_a004      1.7210E+02  1.7210E+02  4.8690E+02  4.2083E+06  1.1906E+07  1.1906E+07  1.1906E+07
>  151  dpdry_a004    3.1719E-01  3.4264E-01  2.6056E-01  3.4264E-05  3.4264E-05  3.4264E-05  3.4264E-05
244,248c244,248
<  154  water_a004    2.8421E-08  3.7416E-08  4.7469E-08  5.0829E-08  6.4486E-08  6.4486E-08  6.4486E-08
<  155  SO4_a004      1.6940E-02  2.3900E-02  3.0812E-02  5.8442E-10  7.5345E-10  7.5345E-10  7.5345E-10
<  156  NO3_a004      2.9238E-02  3.0236E-02  3.8005E-02  7.3935E-10  9.2932E-10  9.2932E-10  9.2932E-10
<  157  Cl_a004       1.0604E-02  8.5152E-03  1.0554E-02  2.0822E-10  2.5807E-10  2.5807E-10  2.5807E-10
<  158  NH4_a004      2.1122E-02  5.3603E-02  7.6782E-02  1.3107E-09  1.8775E-09  1.8775E-09  1.8775E-09
---
>  154  water_a004    3.3568E-08  4.0924E-08  4.9684E-08  5.5595E-08  6.7494E-08  6.7494E-08  6.7494E-08
>  155  SO4_a004      1.6922E-02  2.4480E-02  3.1011E-02  5.9861E-10  7.5831E-10  7.5831E-10  7.5831E-10
>  156  NO3_a004      3.2012E-02  3.4358E-02  4.0694E-02  8.4015E-10  9.9509E-10  9.9509E-10  9.9509E-10
>  157  Cl_a004       1.1358E-02  9.1823E-03  1.0874E-02  2.2453E-10  2.6591E-10  2.6591E-10  2.6591E-10
>  158  NH4_a004      3.0993E-02  6.2658E-02  8.3523E-02  1.5322E-09  2.0424E-09  2.0424E-09  2.0424E-09
261c261
<  171  OIN_a004      1.8418E-01  1.8418E-01  4.0480E-01  4.5036E-09  9.8984E-09  9.8984E-09  9.8984E-09
---
>  171  OIN_a004      1.7245E-01  1.7245E-01  3.8639E-01  4.2169E-09  9.4484E-09  9.4484E-09  9.4484E-09
264,268c264,268
<       adrydpav                                          0.0000E+00  2.5183E-05  2.5183E-05  2.5183E-05
<       awetdpav                                          0.0000E+00  5.7537E-05  5.7537E-05  5.7537E-05
<       adrydens      1.8867E+00  1.8669E+00              0.0000E+00  1.8703E+00  1.8703E+00  1.8703E+00
<       awetdens                                          0.0000E+00  1.0730E+00  1.0730E+00  1.0730E+00
<       adryqmas      9.2421E-08  1.5330E-07              0.0000E+00  1.9868E-07  1.9868E-07  1.9868E-07
---
>       adrydpav                                          0.0000E+00  2.6056E-05  2.6056E-05  2.6056E-05
>       awetdpav                                          0.0000E+00  5.9681E-05  5.9681E-05  5.9681E-05
>       adrydens      1.5851E+00  1.8629E+00              0.0000E+00  1.8675E+00  1.8675E+00  1.8675E+00
>       awetdens                                          0.0000E+00  1.0722E+00  1.0722E+00  1.0722E+00
>       adryqmas      1.1146E-07  1.6511E-07              0.0000E+00  2.0594E-07  2.0594E-07  2.0594E-07
 
 
 
 
 
doing diff on  fort.172w4
7c7
<    1  H2SO4         2.4628E+09  2.4443E+09  2.4447E+05  9.9250E-11  9.9250E-11  9.9266E-15  9.9266E-15
---
>    1  H2SO4         2.4628E+09  2.4443E+09  2.4447E+05  9.9248E-11  9.9248E-11  9.9264E-15  9.9264E-15
9,10c9,10
<    3  HCl           0.0000E+00  2.8038E+07  2.8038E+07  1.1385E-12  1.1385E-12  1.1385E-12  1.1385E-12
<    4  NH3           2.4628E+10  2.4619E+10  1.9731E+10  9.9964E-10  9.9964E-10  8.0116E-10  8.0116E-10
---
>    3  HCl           0.0000E+00  2.8173E+07  2.8173E+07  1.1439E-12  1.1439E-12  1.1439E-12  1.1439E-12
>    4  NH3           2.4628E+10  2.4726E+10  1.9838E+10  1.0040E-09  1.0040E-09  8.0551E-10  8.0551E-10
13,14c13,14
<   78  num_a001      6.0289E-01  6.0289E-01  7.1052E+04  1.4742E+04  1.4742E+04  1.7374E+09  1.7374E+09
<   79  dpdry_a001    2.8284E-02  2.8509E-02  2.0000E-02  2.8509E-06  2.8509E-06  2.8509E-06  2.8509E-06
---
>   78  num_a001      6.0289E-01  6.0289E-01  7.1056E+04  1.4742E+04  1.4323E+05  1.7375E+09  1.7375E+09
>   79  dpdry_a001    2.8284E-02  2.8459E-02  2.0003E-02  2.8459E-06  2.8459E-06  2.8459E-06  2.8459E-06
17,18c17,18
<   82  water_a001    0.0000E+00  1.4166E-15  2.7476E-09  1.9244E-15  1.9244E-15  3.7326E-09  3.7326E-09
<   83  SO4_a001      0.0000E+00  2.3417E-09  4.0584E-03  5.7260E-17  5.7260E-17  9.9240E-11  9.9240E-11
---
>   82  water_a001    0.0000E+00  1.4769E-15  2.7493E-09  2.0064E-15  2.3735E-12  3.7349E-09  3.7349E-09
>   83  SO4_a001      0.0000E+00  2.3417E-09  4.0611E-03  5.7260E-17  6.7737E-14  9.9306E-11  9.9306E-11
20,21c20,21
<   85  Cl_a001       0.0000E+00  4.4253E-13  4.4253E-13  1.0821E-20  1.0821E-20  1.0821E-20  1.0821E-20
<   86  NH4_a001      0.0000E+00  4.6838E-09  8.1169E-03  1.1453E-16  1.1453E-16  1.9848E-10  1.9848E-10
---
>   85  Cl_a001       0.0000E+00  6.2869E-12  7.4729E-09  1.5373E-19  1.8273E-16  1.8273E-16  1.8273E-16
>   86  NH4_a001      0.0000E+00  3.7183E-10  8.1177E-03  9.0922E-18  2.3613E-14  1.9850E-10  1.9850E-10
37,41c37,41
<       adrydpav                                          0.0000E+00  2.8509E-06  2.0000E-06  2.0000E-06
<       awetdpav                                          0.0000E+00  3.0242E-06  4.3419E-06  4.3419E-06
<       adrydens      1.4000E+00  1.4094E+00              0.0000E+00  1.4094E+00  1.8000E+00  1.8000E+00
<       awetdens                                          0.0000E+00  1.3430E+00  1.0782E+00  1.0782E+00
<       adryqmas      2.4453E-13  2.5209E-13              0.0000E+00  2.5209E-13  1.3100E-08  1.3100E-08
---
>       adrydpav                                          0.0000E+00  3.8072E-06  2.0003E-06  2.0003E-06
>       awetdpav                                          0.0000E+00  8.5493E-06  4.3427E-06  4.3427E-06
>       adrydens      1.4000E+00  1.4068E+00              0.0000E+00  1.7617E+00  1.8000E+00  1.8000E+00
>       awetdens                                          0.0000E+00  1.0673E+00  1.0782E+00  1.0782E+00
>       adryqmas      2.4453E-13  2.5030E-13              0.0000E+00  7.2909E-12  1.3107E-08  1.3107E-08
44,45c44,45
<  102  num_a002      7.7371E+01  7.7371E+01  7.7371E+01  1.8919E+06  1.8919E+06  1.8919E+06  1.8919E+06
<  103  dpdry_a002    5.6569E-02  5.7555E-02  5.7555E-02  5.7555E-06  5.7555E-06  5.7555E-06  5.7555E-06
---
>  102  num_a002      7.7371E+01  7.7371E+01  7.2117E+01  1.8919E+06  1.7634E+06  1.7634E+06  1.7634E+06
>  103  dpdry_a002    5.6569E-02  5.3389E-02  5.4172E-02  5.3389E-06  5.3389E-06  5.3389E-06  5.3389E-06
48,49c48,49
<  106  water_a002    0.0000E+00  6.5619E-11  6.5619E-11  8.9142E-11  8.9142E-11  8.9142E-11  8.9142E-11
<  107  SO4_a002      1.0000E-04  1.0531E-04  1.0531E-04  2.5751E-12  2.5751E-12  2.5751E-12  2.5751E-12
---
>  106  water_a002    0.0000E+00  6.6445E-11  6.4700E-11  9.0265E-11  8.7893E-11  8.7893E-11  8.7893E-11
>  107  SO4_a002      1.0000E-04  1.0535E-04  1.0258E-04  2.5761E-12  2.5084E-12  2.5084E-12  2.5084E-12
51,52c51,52
<  109  Cl_a002       0.0000E+00  3.9943E-08  3.9943E-08  9.7672E-16  9.7672E-16  9.7672E-16  9.7672E-16
<  110  NH4_a002      2.0000E-04  2.1066E-04  2.1066E-04  5.1512E-12  5.1512E-12  5.1512E-12  5.1512E-12
---
>  109  Cl_a002       0.0000E+00  2.8420E-07  2.7673E-07  6.9495E-15  6.7669E-15  6.7669E-15  6.7669E-15
>  110  NH4_a002      2.0000E-04  3.6741E-05  3.5776E-05  8.9841E-13  8.7481E-13  8.7481E-13  8.7481E-13
68,72c68,72
<       adrydpav                                          0.0000E+00  5.7555E-06  5.7555E-06  5.7555E-06
<       awetdpav                                          0.0000E+00  1.2188E-05  1.2188E-05  1.2188E-05
<       adrydens      1.8000E+00  1.8000E+00              0.0000E+00  1.8000E+00  1.8000E+00  1.8000E+00
<       awetdens                                          0.0000E+00  1.0843E+00  1.0843E+00  1.0843E+00
<       adryqmas      3.2278E-10  3.3996E-10              0.0000E+00  3.3996E-10  3.3996E-10  3.3996E-10
---
>       adrydpav                                          0.0000E+00  5.4172E-06  5.4172E-06  5.4172E-06
>       awetdpav                                          0.0000E+00  1.2325E-05  1.2325E-05  1.2325E-05
>       adrydens      1.8000E+00  1.7777E+00              0.0000E+00  1.7777E+00  1.7777E+00  1.7777E+00
>       awetdens                                          0.0000E+00  1.0660E+00  1.0660E+00  1.0660E+00
>       adryqmas      3.2278E-10  2.6798E-10              0.0000E+00  2.6094E-10  2.6094E-10  2.6094E-10
76c76
<  127  dpdry_a003    1.1314E-01  1.1337E-01  1.1337E-01  1.1337E-05  1.1337E-05  1.1337E-05  1.1337E-05
---
>  127  dpdry_a003    1.1314E-01  1.1331E-01  1.1331E-01  1.1331E-05  1.1331E-05  1.1331E-05  1.1331E-05
79,80c79,80
<  130  water_a003    0.0000E+00  2.7551E-11  2.7551E-11  3.7428E-11  3.7428E-11  3.7428E-11  3.7428E-11
<  131  SO4_a003      0.0000E+00  1.8659E-06  1.8659E-06  4.5625E-14  4.5625E-14  4.5625E-14  4.5625E-14
---
>  130  water_a003    0.0000E+00  1.4629E-12  1.4629E-12  1.9874E-12  1.9874E-12  1.9874E-12  1.9874E-12
>  131  SO4_a003      0.0000E+00  1.8658E-06  1.8658E-06  4.5625E-14  4.5625E-14  4.5625E-14  4.5625E-14
82,83c82,83
<  133  Cl_a003       0.0000E+00  1.2800E-07  1.2800E-07  3.1299E-15  3.1299E-15  3.1299E-15  3.1299E-15
<  134  NH4_a003      0.0000E+00  3.8597E-06  3.8597E-06  9.4380E-14  9.4380E-14  9.4380E-14  9.4380E-14
---
>  133  Cl_a003       0.0000E+00  5.0307E-09  5.0307E-09  1.2301E-16  1.2301E-16  1.2301E-16  1.2301E-16
>  134  NH4_a003      0.0000E+00  2.9617E-07  2.9617E-07  7.2420E-15  7.2420E-15  7.2420E-15  7.2420E-15
99,103c99,103
<       adrydpav                                          0.0000E+00  1.1337E-05  1.1337E-05  1.1337E-05
<       awetdpav                                          0.0000E+00  1.4714E-05  1.4714E-05  1.4714E-05
<       adrydens      2.6000E+00  2.5952E+00              0.0000E+00  2.5952E+00  2.5952E+00  2.5952E+00
<       awetdens                                          0.0000E+00  1.7295E+00  1.7295E+00  1.7295E+00
<       adryqmas      1.4672E-09  1.4734E-09              0.0000E+00  1.4734E-09  1.4734E-09  1.4734E-09
---
>       adrydpav                                          0.0000E+00  1.1331E-05  1.1331E-05  1.1331E-05
>       awetdpav                                          0.0000E+00  1.1565E-05  1.1565E-05  1.1565E-05
>       adrydens      2.6000E+00  2.5962E+00              0.0000E+00  2.5962E+00  2.5962E+00  2.5962E+00
>       awetdens                                          0.0000E+00  2.5015E+00  2.5015E+00  2.5015E+00
>       adryqmas      1.4672E-09  1.4718E-09              0.0000E+00  1.4718E-09  1.4718E-09  1.4718E-09
110,111c110,111
<  154  water_a004    0.0000E+00  1.8595E-09  1.8595E-09  2.5261E-09  2.5261E-09  2.5261E-09  2.5261E-09
<  155  SO4_a004      0.0000E+00  2.3510E-05  2.3510E-05  5.7489E-13  5.7489E-13  5.7489E-13  5.7489E-13
---
>  154  water_a004    0.0000E+00  1.8630E-09  1.8630E-09  2.5309E-09  2.5309E-09  2.5309E-09  2.5309E-09
>  155  SO4_a004      0.0000E+00  2.3538E-05  2.3538E-05  5.7556E-13  5.7556E-13  5.7556E-13  5.7556E-13
113,114c113,114
<  157  Cl_a004       2.8000E-03  2.7533E-03  2.7533E-03  6.7325E-11  6.7325E-11  6.7325E-11  6.7325E-11
<  158  NH4_a004      0.0000E+00  2.9442E-07  2.9442E-07  7.1995E-15  7.1995E-15  7.1995E-15  7.1995E-15
---
>  157  Cl_a004       2.8000E-03  2.7529E-03  2.7529E-03  6.7317E-11  6.7317E-11  6.7317E-11  6.7317E-11
>  158  NH4_a004      0.0000E+00  4.2944E-09  4.2944E-09  1.0501E-16  1.0501E-16  1.0501E-16  1.0501E-16
131c131
<       awetdpav                                          0.0000E+00  6.7018E-05  6.7018E-05  6.7018E-05
---
>       awetdpav                                          0.0000E+00  6.7059E-05  6.7059E-05  6.7059E-05
134c134
<       adryqmas      4.0054E-09  4.0201E-09              0.0000E+00  4.0201E-09  4.0201E-09  4.0201E-09
---
>       adryqmas      4.0054E-09  4.0197E-09              0.0000E+00  4.0197E-09  4.0197E-09  4.0197E-09
141c141
<    1  H2SO4         2.4447E+05  2.0890E+05  2.0890E+05  8.4823E-15  8.4823E-15  8.4823E-15  8.4823E-15
---
>    1  H2SO4         2.4447E+05  2.0823E+05  2.0823E+05  8.4552E-15  8.4552E-15  8.4552E-15  8.4552E-15
143,144c143,144
<    3  HCl           2.8038E+07  2.7584E+07  2.7584E+07  1.1200E-12  1.1200E-12  1.1200E-12  1.1200E-12
<    4  NH3           1.9731E+10  1.9730E+10  1.9730E+10  8.0114E-10  8.0114E-10  8.0114E-10  8.0114E-10
---
>    3  HCl           2.8173E+07  2.3051E+07  2.3051E+07  9.3595E-13  9.3595E-13  9.3595E-13  9.3595E-13
>    4  NH3           1.9838E+10  2.4573E+10  2.4573E+10  9.9778E-10  9.9778E-10  9.9778E-10  9.9778E-10
147,148c147,148
<   78  num_a001      7.1052E+04  7.1052E+04  7.1052E+04  1.7374E+09  1.7374E+09  1.7374E+09  1.7374E+09
<   79  dpdry_a001    2.0000E-02  2.0001E-02  2.0001E-02  2.0001E-06  2.0001E-06  2.0001E-06  2.0001E-06
---
>   78  num_a001      7.1056E+04  7.1056E+04  5.3930E+04  1.7375E+09  1.3187E+09  1.3187E+09  1.3187E+09
>   79  dpdry_a001    2.0003E-02  1.8243E-02  2.0000E-02  1.8243E-06  1.8243E-06  1.8243E-06  1.8243E-06
151,152c151,152
<   82  water_a001    2.7476E-09  2.4673E-09  2.4673E-09  3.3518E-09  3.3518E-09  3.3518E-09  3.3518E-09
<   83  SO4_a001      4.0584E-03  4.0585E-03  4.0585E-03  9.9241E-11  9.9241E-11  9.9241E-11  9.9241E-11
---
>   82  water_a001    2.7493E-09  2.5613E-09  2.5613E-09  3.4795E-09  3.4795E-09  3.4795E-09  3.4795E-09
>   83  SO4_a001      4.0611E-03  4.0612E-03  4.0612E-03  9.9307E-11  9.9307E-11  9.9307E-11  9.9307E-11
154,155c154,155
<   85  Cl_a001       4.4253E-13  6.1161E-07  6.1161E-07  1.4955E-14  1.4955E-14  1.4955E-14  1.4955E-14
<   86  NH4_a001      8.1169E-03  8.1176E-03  8.1176E-03  1.9850E-10  1.9850E-10  1.9850E-10  1.9850E-10
---
>   85  Cl_a001       7.4729E-09  8.4464E-06  8.4464E-06  2.0654E-13  2.0654E-13  2.0654E-13  2.0654E-13
>   86  NH4_a001      8.1177E-03  1.1428E-04  1.1428E-04  2.7944E-12  2.7944E-12  2.7944E-12  2.7944E-12
171,175c171,175
<       adrydpav                                          0.0000E+00  2.0001E-06  2.0001E-06  2.0001E-06
<       awetdpav                                          0.0000E+00  4.2044E-06  4.2044E-06  4.2044E-06
<       adrydens      1.8000E+00  1.8000E+00              0.0000E+00  1.8000E+00  1.8000E+00  1.8000E+00
<       awetdens                                          0.0000E+00  1.0861E+00  1.0861E+00  1.0861E+00
<       adryqmas      1.3100E-08  1.3101E-08              0.0000E+00  1.3101E-08  1.3101E-08  1.3101E-08
---
>       adrydpav                                          0.0000E+00  2.0000E-06  2.0000E-06  2.0000E-06
>       awetdpav                                          0.0000E+00  4.6215E-06  4.6215E-06  4.6215E-06
>       adrydens      1.8000E+00  1.7718E+00              0.0000E+00  1.7718E+00  1.7718E+00  1.7718E+00
>       awetdens                                          0.0000E+00  1.0626E+00  1.0626E+00  1.0626E+00
>       adryqmas      1.3107E-08  9.7874E-09              0.0000E+00  9.7874E-09  9.7874E-09  9.7874E-09
178,179c178,179
<  102  num_a002      7.7371E+01  7.7371E+01  7.7369E+01  1.8919E+06  1.8919E+06  1.8919E+06  1.8919E+06
<  103  dpdry_a002    5.7555E-02  5.7554E-02  5.7554E-02  5.7554E-06  5.7554E-06  5.7554E-06  5.7554E-06
---
>  102  num_a002      7.2117E+01  7.2117E+01  7.2117E+01  1.7634E+06  1.7634E+06  1.7634E+06  1.7634E+06
>  103  dpdry_a002    5.4172E-02  5.7633E-02  5.7633E-02  5.7633E-06  5.7633E-06  5.7633E-06  5.7633E-06
182,183c182,183
<  106  water_a002    6.5619E-11  6.5595E-11  6.5595E-11  8.9110E-11  8.9109E-11  8.9109E-11  8.9109E-11
<  107  SO4_a002      1.0531E-04  1.0531E-04  1.0531E-04  2.5751E-12  2.5751E-12  2.5751E-12  2.5751E-12
---
>  106  water_a002    6.4700E-11  7.7799E-11  7.7799E-11  1.0569E-10  1.0569E-10  1.0569E-10  1.0569E-10
>  107  SO4_a002      1.0258E-04  1.0258E-04  1.0258E-04  2.5084E-12  2.5084E-12  2.5084E-12  2.5084E-12
185,186c185,186
<  109  Cl_a002       3.9943E-08  1.7168E-08  1.7168E-08  4.1981E-16  4.1981E-16  4.1981E-16  4.1981E-16
<  110  NH4_a002      2.1066E-04  2.1064E-04  2.1063E-04  5.1506E-12  5.1506E-12  5.1506E-12  5.1506E-12
---
>  109  Cl_a002       2.7673E-07  2.2893E-10  2.2893E-10  5.5980E-18  5.5980E-18  5.5980E-18  5.5980E-18
>  110  NH4_a002      3.5776E-05  1.7246E-04  1.7246E-04  4.2170E-12  4.2170E-12  4.2170E-12  4.2170E-12
202,206c202,206
<       adrydpav                                          0.0000E+00  5.7554E-06  5.7554E-06  5.7554E-06
<       awetdpav                                          0.0000E+00  1.2187E-05  1.2187E-05  1.2187E-05
<       adrydens      1.8000E+00  1.8000E+00              0.0000E+00  1.8000E+00  1.8000E+00  1.8000E+00
<       awetdens                                          0.0000E+00  1.0843E+00  1.0843E+00  1.0843E+00
<       adryqmas      3.3996E-10  3.3994E-10              0.0000E+00  3.3993E-10  3.3993E-10  3.3993E-10
---
>       adrydpav                                          0.0000E+00  5.7633E-06  5.7633E-06  5.7633E-06
>       awetdpav                                          0.0000E+00  1.3107E-05  1.3107E-05  1.3107E-05
>       adrydens      1.7760E+00  1.7964E+00              0.0000E+00  1.7964E+00  1.7964E+00  1.7964E+00
>       awetdens                                          0.0000E+00  1.0677E+00  1.0677E+00  1.0677E+00
>       adryqmas      2.6070E-10  3.1751E-10              0.0000E+00  3.1751E-10  3.1751E-10  3.1751E-10
210c210
<  127  dpdry_a003    1.1337E-01  1.1337E-01  1.1337E-01  1.1337E-05  1.1337E-05  1.1337E-05  1.1337E-05
---
>  127  dpdry_a003    1.1331E-01  1.1336E-01  1.1336E-01  1.1336E-05  1.1336E-05  1.1336E-05  1.1336E-05
213,214c213,214
<  130  water_a003    2.7551E-11  2.7557E-11  2.7557E-11  3.7435E-11  3.7435E-11  3.7435E-11  3.7435E-11
<  131  SO4_a003      1.8659E-06  1.8661E-06  1.8661E-06  4.5632E-14  4.5632E-14  4.5632E-14  4.5632E-14
---
>  130  water_a003    1.4629E-12  1.1769E-12  1.1769E-12  1.5988E-12  1.5988E-12  1.5988E-12  1.5988E-12
>  131  SO4_a003      1.8658E-06  1.8660E-06  1.8660E-06  4.5629E-14  4.5629E-14  4.5629E-14  4.5629E-14
216,217c216,217
<  133  Cl_a003       1.2800E-07  1.3691E-07  1.3691E-07  3.3479E-15  3.3479E-15  3.3479E-15  3.3479E-15
<  134  NH4_a003      3.8597E-06  3.8692E-06  3.8692E-06  9.4613E-14  9.4613E-14  9.4613E-14  9.4613E-14
---
>  133  Cl_a003       5.0307E-09  3.4420E-12  3.4420E-12  8.4165E-20  8.4165E-20  8.4165E-20  8.4165E-20
>  134  NH4_a003      2.9617E-07  3.7320E-06  3.7320E-06  9.1259E-14  9.1259E-14  9.1259E-14  9.1259E-14
233,237c233,237
<       adrydpav                                          0.0000E+00  1.1337E-05  1.1337E-05  1.1337E-05
<       awetdpav                                          0.0000E+00  1.4715E-05  1.4715E-05  1.4715E-05
<       adrydens      2.5952E+00  2.5952E+00              0.0000E+00  2.5952E+00  2.5952E+00  2.5952E+00
<       awetdens                                          0.0000E+00  1.7294E+00  1.7294E+00  1.7294E+00
<       adryqmas      1.4734E-09  1.4734E-09              0.0000E+00  1.4734E-09  1.4734E-09  1.4734E-09
---
>       adrydpav                                          0.0000E+00  1.1336E-05  1.1336E-05  1.1336E-05
>       awetdpav                                          0.0000E+00  1.1524E-05  1.1524E-05  1.1524E-05
>       adrydens      2.5962E+00  2.5953E+00              0.0000E+00  2.5953E+00  2.5953E+00  2.5953E+00
>       awetdens                                          0.0000E+00  2.5183E+00  2.5183E+00  2.5183E+00
>       adryqmas      1.4718E-09  1.4732E-09              0.0000E+00  1.4732E-09  1.4732E-09  1.4732E-09
241c241
<  151  dpdry_a004    2.2678E-01  2.2679E-01  2.2679E-01  2.2679E-05  2.2679E-05  2.2679E-05  2.2679E-05
---
>  151  dpdry_a004    2.2678E-01  2.2678E-01  2.2678E-01  2.2678E-05  2.2678E-05  2.2678E-05  2.2678E-05
244,245c244,245
<  154  water_a004    1.8595E-09  1.8596E-09  1.8596E-09  2.5262E-09  2.5262E-09  2.5262E-09  2.5262E-09
<  155  SO4_a004      2.3510E-05  2.3512E-05  2.3512E-05  5.7494E-13  5.7494E-13  5.7494E-13  5.7494E-13
---
>  154  water_a004    1.8630E-09  1.8630E-09  1.8630E-09  2.5309E-09  2.5309E-09  2.5309E-09  2.5309E-09
>  155  SO4_a004      2.3538E-05  2.3540E-05  2.3540E-05  5.7561E-13  5.7561E-13  5.7561E-13  5.7561E-13
247,248c247,248
<  157  Cl_a004       2.7533E-03  2.7534E-03  2.7534E-03  6.7329E-11  6.7329E-11  6.7329E-11  6.7329E-11
<  158  NH4_a004      2.9442E-07  4.5469E-07  4.5469E-07  1.1118E-14  1.1118E-14  1.1118E-14  1.1118E-14
---
>  157  Cl_a004       2.7529E-03  2.7533E-03  2.7533E-03  6.7325E-11  6.7325E-11  6.7325E-11  6.7325E-11
>  158  NH4_a004      4.2944E-09  3.5695E-07  3.5695E-07  8.7283E-15  8.7283E-15  8.7283E-15  8.7283E-15
264,265c264,265
<       adrydpav                                          0.0000E+00  2.2679E-05  2.2679E-05  2.2679E-05
<       awetdpav                                          0.0000E+00  6.7019E-05  6.7019E-05  6.7019E-05
---
>       adrydpav                                          0.0000E+00  2.2678E-05  2.2678E-05  2.2678E-05
>       awetdpav                                          0.0000E+00  6.7059E-05  6.7059E-05  6.7059E-05
268c268
<       adryqmas      4.0201E-09  4.0203E-09              0.0000E+00  4.0203E-09  4.0203E-09  4.0203E-09
---
>       adryqmas      4.0197E-09  4.0202E-09              0.0000E+00  4.0202E-09  4.0202E-09  4.0202E-09
